1,4,3
1,135,1
1,142,3
1,212,1
1,259,2
1,261,4
1,265,2
1,293,5
1,321,2
1,323,2
1,358,2
1,416,4
1,429,2
1,436,5
2,5,1
2,13,2
2,274,4
2,282,3
2,294,4
2,311,1
2,337,1
2,341,1
2,346,5
2,359,1
2,387,5
2,409,3
2,425,5
2,428,5
3,20,5
3,152,1
3,156,3
3,233,1
3,286,4
3,324,1
3,371,1
3,432,5
3,438,4
3,484,2
3,488,3
3,490,5
3,491,4
3,497,1
4,74,1
4,131,5
4,147,5
4,182,3
4,249,2
4,275,3
4,278,3
4,292,1
4,300,1
4,310,1
4,314,2
4,382,1
4,391,1
5,60,4
5,117,1
5,251,5
5,253,3
5,258,1
5,259,4
5,294,1
5,337,4
5,341,1
5,358,2
5,387,4
5,425,1
5,428,3
6,49,3
6,67,1
6,70,3
6,92,5
6,104,4
6,156,5
6,158,3
6,167,2
6,180,4
6,184,3
6,224,4
6,253,2
6,304,1
6,465,2
7,187,3
7,232,2
7,263,4
7,279,3
7,306,1
7,336,1
7,348,5
7,364,2
7,376,4
7,400,5
7,402,2
7,405,5
7,406,5
7,419,3
8,138,1
8,183,4
8,189,3
8,217,2
8,221,5
8,254,5
8,317,3
8,338,5
8,351,1
8,383,2
8,392,5
8,395,3
8,411,4
8,486,1
9,45,5
9,80,4
9,122,4
9,146,5
9,151,4
9,185,2
9,211,2
9,215,3
9,235,5
9,247,4
9,255,3
9,266,1
9,326,1
9,388,1
10,36,2
10,95,5
10,100,2
10,107,4
10,192,5
10,226,2
10,243,2
10,244,3
10,256,1
10,263,1
10,280,3
10,318,1
10,332,4
10,366,3
11,27,5
11,36,4
11,53,1
11,88,3
11,192,5
11,226,2
11,244,3
11,280,2
11,318,3
11,327,2
11,332,1
11,366,2
11,420,3
11,481,5
12,16,1
12,73,4
12,98,3
12,172,1
12,178,1
12,188,3
12,259,1
12,298,3
12,436,3
12,455,1
12,471,2
12,480,2
12,485,2
12,499,5
13,165,2
13,253,1
13,274,4
13,294,5
13,311,2
13,331,3
13,336,5
13,337,1
13,354,5
13,387,2
13,425,4
13,428,2
13,455,4
14,26,4
14,71,4
14,102,5
14,118,2
14,128,4
14,136,5
14,137,2
14,144,1
14,161,2
14,220,1
14,239,5
14,285,3
14,395,1
14,406,1
15,25,3
15,84,5
15,116,1
15,162,5
15,183,5
15,191,1
15,196,5
15,201,5
15,208,4
15,277,4
15,304,2
15,309,5
15,335,2
15,367,3
16,86,3
16,90,5
16,98,1
16,159,4
16,188,3
16,322,3
16,329,2
16,390,1
16,449,4
16,462,2
16,471,4
16,480,5
16,499,4
17,72,3
17,171,4
17,219,4
17,242,2
17,247,2
17,261,1
17,304,1
17,350,3
17,370,5
17,427,2
17,435,1
17,442,3
17,443,1
17,461,5
18,36,1
18,43,5
18,65,4
18,91,4
18,100,1
18,170,3
18,226,4
18,243,3
18,280,2
18,318,3
18,327,2
18,332,1
18,366,5
18,451,3
19,110,2
19,174,5
19,186,1
19,250,2
19,269,2
19,303,2
19,333,1
19,343,3
19,345,1
19,367,3
19,375,2
19,390,1
19,461,3
19,477,3
20,72,1
20,118,4
20,207,1
20,209,4
20,240,5
20,242,1
20,304,2
20,370,5
20,418,3
20,427,1
20,435,5
20,442,2
20,478,5
21,42,2
21,253,1
21,290,1
21,322,3
21,329,1
21,342,3
21,399,1
21,403,3
21,420,3
21,455,5
21,471,1
21,480,2
21,485,3
21,499,3
22,72,2
22,143,3
22,171,4
22,179,5
22,187,2
22,209,4
22,240,1
22,304,3
22,350,3
22,370,5
22,409,5
22,418,3
22,435,1
22,453,1
23,65,5
23,68,5
23,81,5
23,137,4
23,174,4
23,269,5
23,284,2
23,303,2
23,333,4
23,343,1
23,345,5
23,367,5
23,375,1
23,413,3
24,77,3
24,115,4
24,232,3
24,236,2
24,336,5
24,348,2
24,353,3
24,376,5
24,400,4
24,402,4
24,405,5
24,406,3
24,419,2
24,497,3
25,47,3
25,85,4
25,116,2
25,162,2
25,163,2
25,173,3
25,183,3
25,191,3
25,196,1
25,309,4
25,335,5
25,380,1
25,496,2
26,46,5
26,71,2
26,110,5
26,111,4
26,128,1
26,136,3
26,144,1
26,161,5
26,220,1
26,239,4
26,257,2
26,285,1
26,478,3
27,58,3
27,125,1
27,354,1
27,420,1
27,432,5
27,438,1
27,475,4
27,481,3
27,484,1
27,488,1
27,490,1
27,491,4
27,497,3
28,82,2
28,126,2
28,133,1
28,313,3
28,317,1
28,338,4
28,362,5
28,383,1
28,392,2
28,395,4
28,411,2
28,412,1
28,432,1
28,489,4
29,113,1
29,171,2
29,179,4
29,194,2
29,207,1
29,209,1
29,240,2
29,247,5
29,409,4
29,417,5
29,418,3
29,427,3
29,435,5
29,442,1
30,42,5
30,86,3
30,290,5
30,319,5
30,322,2
30,342,2
30,344,3
30,372,2
30,451,1
30,455,3
30,471,4
30,480,3
30,485,3
30,499,3
31,59,3
31,106,5
31,119,4
31,130,2
31,147,3
31,177,1
31,275,4
31,278,2
31,300,2
31,303,4
31,341,4
31,391,2
31,444,1
31,498,3
32,33,1
32,203,1
32,204,2
32,229,5
32,337,5
32,355,3
32,378,3
32,447,3
32,462,1
32,463,2
32,468,3
32,472,1
32,474,4
32,495,2
33,68,1
33,127,3
33,146,3
33,157,5
33,185,1
33,211,4
33,231,3
33,255,1
33,266,5
33,298,1
33,302,1
33,380,5
33,497,5
34,94,5
34,119,5
34,152,1
34,205,2
34,233,4
34,420,2
34,432,2
34,433,4
34,438,2
34,484,5
34,488,1
34,490,1
34,491,1
34,497,5
35,110,4
35,234,2
35,269,5
35,284,2
35,287,4
35,301,1
35,347,1
35,367,3
35,375,5
35,390,2
35,404,4
35,413,2
35,426,5
35,500,3
36,43,4
36,53,2
36,100,3
36,244,1
36,263,5
36,318,1
36,327,3
36,332,4
36,366,5
36,427,3
36,470,1
37,56,1
37,106,4
37,214,3
37,216,5
37,225,3
37,252,4
37,271,5
37,281,3
37,340,4
37,386,1
37,388,5
37,423,5
37,426,3
37,430,5
38,199,4
38,305,4
38,316,4
38,318,5
38,360,1
38,389,1
38,396,2
38,404,3
38,434,3
38,445,5
38,461,5
38,469,4
38,476,1
38,496,2
39,89,5
39,228,2
39,272,3
39,291,1
39,310,1
39,380,3
39,401,4
39,439,1
39,443,4
39,446,4
39,463,5
39,486,1
39,493,1
39,498,4
40,70,2
40,360,2
40,371,2
40,432,3
40,438,3
40,475,3
40,481,3
40,482,3
40,484,5
40,485,5
40,488,1
40,490,1
40,491,4
40,497,2
41,59,3
41,141,1
41,187,3
41,270,1
41,306,3
41,336,2
41,348,4
41,376,5
41,400,2
41,402,1
41,405,3
41,406,2
41,419,5
41,442,2
42,107,2
42,150,5
42,178,3
42,319,1
42,322,3
42,372,4
42,399,2
42,455,5
42,456,3
42,471,3
42,480,5
42,485,5
43,88,5
43,91,1
43,100,5
43,145,5
43,243,4
43,244,1
43,263,3
43,318,2
43,327,3
43,332,5
43,366,1
43,422,1
44,260,5
44,385,2
44,393,1
44,433,4
44,441,1
44,442,4
44,454,5
44,473,5
44,477,4
44,487,1
44,489,1
44,493,4
44,494,3
44,499,3
45,68,5
45,127,1
45,151,1
45,157,2
45,185,4
45,218,3
45,231,5
45,235,4
45,298,4
45,302,3
45,331,1
45,344,5
45,351,2
46,61,5
46,71,5
46,128,4
46,136,4
46,137,4
46,144,4
46,161,3
46,220,4
46,239,3
46,246,4
46,285,2
46,305,2
46,389,2
47,85,1
47,112,1
47,116,1
47,163,1
47,173,4
47,175,4
47,191,5
47,201,5
47,208,3
47,277,1
47,304,4
47,309,4
47,335,3
48,203,3
48,269,5
48,325,5
48,362,3
48,378,5
48,394,3
48,410,4
48,447,4
48,462,3
48,463,5
48,468,2
48,472,3
48,474,2
48,495,2
49,52,5
49,70,4
49,78,4
49,92,5
49,104,1
49,154,5
49,156,3
49,167,3
49,184,5
49,224,4
49,291,4
49,292,4
49,465,5
50,205,5
50,222,1
50,326,3
50,345,5
50,371,5
50,420,2
50,438,5
50,475,5
50,481,1
50,482,3
50,484,2
50,490,4
50,491,5
50,497,2
51,175,1
51,228,5
51,291,3
51,295,5
51,296,5
51,311,2
51,340,3
51,380,4
51,401,3
51,439,2
51,446,3
51,460,3
51,486,4
51,498,4
52,66,5
52,67,2
52,70,2
52,78,2
52,109,3
52,156,3
52,167,2
52,174,1
52,184,1
52,224,1
52,252,2
52,374,1
52,465,3
53,54,4
53,91,1
53,192,2
53,226,1
53,243,1
53,244,2
53,263,2
53,280,3
53,319,3
53,327,2
53,332,2
53,366,5
53,459,5
54,83,5
54,305,1
54,320,1
54,360,4
54,365,1
54,389,4
54,403,2
54,404,1
54,434,4
54,445,1
54,461,3
54,469,1
54,481,5
54,490,5
55,75,5
55,228,3
55,291,4
55,339,3
55,380,2
55,401,1
55,419,2
55,431,1
55,439,3
55,443,3
55,446,1
55,460,1
55,469,1
55,486,5
55,498,1
56,81,1
56,133,3
56,208,2
56,221,3
56,230,3
56,288,3
56,317,3
56,351,5
56,362,4
56,383,4
56,392,1
56,395,2
56,411,2
56,412,5
57,75,3
57,261,5
57,289,1
57,291,4
57,295,3
57,334,4
57,380,1
57,401,1
57,431,5
57,439,3
57,443,3
57,446,5
57,460,3
57,486,3
57,498,5
58,74,4
58,84,1
58,134,5
58,147,4
58,149,3
58,160,4
58,191,3
58,249,3
58,278,1
58,292,4
58,310,5
58,314,3
58,391,4
58,444,3
59,74,1
59,131,1
59,147,1
59,160,5
59,197,3
59,215,3
59,275,4
59,278,1
59,300,1
59,310,5
59,369,3
59,391,5
59,444,2
60,66,5
60,123,4
60,253,5
60,288,4
60,311,4
60,331,2
60,337,1
60,341,4
60,346,5
60,354,5
60,387,5
60,425,2
60,428,1
60,446,2
61,71,1
61,111,2
61,118,3
61,128,2
61,136,4
61,137,4
61,144,1
61,161,2
61,220,5
61,239,1
61,285,1
61,333,5
61,436,4
61,445,3
62,159,5
62,206,5
62,210,1
62,219,5
62,246,3
62,320,3
62,364,1
62,385,4
62,414,1
62,451,2
62,457,3
62,458,3
62,459,2
62,464,4
62,470,2
63,92,5
63,95,1
63,164,2
63,166,1
63,194,1
63,257,5
63,349,1
63,382,3
63,392,4
63,421,4
63,448,4
63,457,4
63,467,1
63,479,3
63,492,3
64,93,1
64,101,2
64,199,5
64,223,3
64,259,4
64,265,3
64,276,4
64,293,1
64,323,3
64,358,1
64,361,3
64,416,1
64,429,5
64,436,2
64,498,5
65,69,1
65,108,4
65,234,5
65,250,3
65,284,5
65,333,3
65,343,3
65,345,2
65,347,4
65,375,5
65,390,5
65,410,2
65,413,2
66,70,1
66,78,1
66,92,5
66,104,2
66,109,3
66,156,3
66,158,5
66,167,5
66,184,2
66,208,3
66,224,3
66,336,5
66,465,1
67,78,2
67,92,2
67,104,2
67,109,3
67,156,1
67,158,3
67,167,4
67,184,5
67,224,4
67,399,4
67,465,3
67,478,2
67,481,5
68,80,3
68,127,5
68,146,4
68,151,1
68,159,1
68,215,5
68,218,2
68,231,5
68,255,2
68,298,2
68,302,2
68,485,4
69,201,5
69,241,1
69,378,2
69,394,4
69,410,5
69,415,4
69,447,1
69,462,4
69,463,2
69,468,5
69,472,3
69,474,4
69,483,1
69,495,5
70,78,2
70,92,2
70,104,2
70,109,3
70,158,3
70,167,4
70,224,3
70,354,4
70,465,1
70,469,4
71,101,4
71,111,2
71,118,3
71,137,4
71,144,1
71,161,5
71,220,1
71,239,3
71,285,1
71,443,4
71,478,5
72,169,1
72,207,1
72,223,4
72,304,1
72,348,5
72,350,3
72,353,2
72,409,2
72,418,1
72,427,4
72,435,3
72,442,5
73,90,5
73,121,5
73,159,2
73,172,5
73,178,2
73,225,2
73,290,2
73,329,5
73,398,4
73,399,2
73,433,5
73,480,3
73,485,5
73,499,5
74,121,3
74,160,2
74,162,4
74,177,5
74,197,3
74,267,4
74,300,2
74,310,1
74,314,3
74,391,4
74,444,3
74,454,2
75,228,3
75,272,5
75,291,3
75,380,4
75,401,3
75,439,4
75,441,1
75,446,2
75,460,4
75,486,2
75,487,4
75,490,4
75,498,1
76,102,4
76,123,1
76,192,2
76,236,4
76,368,2
76,371,5
76,420,1
76,475,4
76,482,3
76,484,5
76,485,2
76,488,1
76,490,2
76,491,1
76,497,3
77,96,2
77,206,1
77,238,4
77,246,2
77,316,1
77,359,3
77,369,5
77,408,3
77,451,4
77,457,3
77,458,3
77,459,1
77,464,1
77,488,1
78,109,1
78,156,2
78,158,4
78,167,1
78,184,5
78,224,3
78,254,2
78,255,4
78,289,5
78,465,5
79,138,4
79,260,5
79,329,3
79,363,1
79,408,5
79,433,5
79,437,3
79,441,1
79,454,2
79,473,5
79,483,3
79,487,2
79,489,1
79,493,2
79,494,5
80,122,4
80,146,3
80,157,3
80,218,2
80,231,4
80,235,3
80,255,5
80,266,1
80,298,4
80,302,1
80,378,5
80,393,4
80,394,5
81,82,5
81,138,5
81,189,2
81,221,1
81,230,1
81,273,1
81,313,4
81,351,4
81,362,2
81,392,1
81,395,5
81,411,5
81,415,4
82,193,1
82,221,5
82,224,3
82,230,4
82,301,3
82,317,4
82,338,1
82,339,1
82,383,3
82,392,2
82,395,5
82,411,3
82,412,5
83,90,4
83,241,1
83,243,5
83,282,2
83,312,2
83,389,2
83,396,3
83,403,1
83,404,4
83,434,1
83,461,2
83,469,5
83,476,1
83,496,5
84,112,4
84,116,5
84,162,4
84,163,3
84,173,1
84,183,3
84,191,2
84,196,1
84,263,3
84,277,2
84,309,5
84,335,3
84,372,5
85,112,5
85,127,2
85,163,3
85,173,5
85,183,5
85,196,3
85,201,3
85,208,1
85,249,5
85,277,5
85,309,4
85,335,2
85,357,1
86,90,1
86,121,3
86,159,1
86,313,5
86,342,1
86,372,3
86,450,1
86,455,1
86,471,4
86,480,2
86,485,1
86,487,3
86,499,3
87,137,3
87,153,2
87,169,2
87,183,2
87,307,1
87,377,4
87,379,5
87,397,1
87,407,1
87,422,5
87,424,4
87,456,4
87,466,2
87,470,1
87,478,3
88,93,3
88,192,4
88,226,2
88,243,3
88,244,5
88,263,1
88,280,2
88,318,1
88,327,4
88,332,1
88,356,2
88,366,4
88,469,5
89,126,3
89,189,4
89,228,4
89,264,2
89,297,4
89,380,1
89,401,5
89,431,2
89,439,3
89,443,1
89,446,3
89,447,4
89,486,1
89,498,5
90,188,4
90,329,3
90,342,1
90,396,5
90,399,2
90,453,1
90,455,1
90,471,2
90,480,1
90,485,4
90,499,4
91,103,3
91,192,3
91,204,4
91,226,2
91,243,2
91,244,3
91,280,2
91,318,3
91,327,2
91,332,4
91,338,5
91,366,2
92,109,1
92,156,4
92,158,4
92,167,3
92,184,3
92,224,5
92,380,4
92,463,3
92,465,1
93,100,2
93,101,1
93,135,4
93,245,2
93,265,3
93,293,1
93,323,1
93,355,4
93,358,5
93,361,5
93,416,3
93,429,1
93,436,4
94,125,4
94,233,5
94,266,3
94,274,5
94,420,5
94,424,1
94,432,1
94,475,3
94,481,5
94,482,2
94,488,5
94,490,1
94,491,3
94,497,5
95,176,3
95,326,5
95,344,3
95,374,2
95,421,3
95,432,1
95,439,4
95,448,3
95,449,3
95,450,2
95,467,1
95,479,2
95,492,1
96,126,1
96,155,3
96,228,1
96,264,2
96,272,2
96,327,5
96,401,2
96,431,5
96,439,1
96,443,5
96,446,3
96,460,4
96,486,4
96,498,1
97,223,2
97,308,1
97,352,2
97,410,1
97,415,5
97,416,5
97,447,4
97,462,3
97,463,5
97,468,2
97,472,1
97,474,1
97,488,3
97,495,5
98,121,2
98,147,2
98,178,2
98,251,3
98,283,4
98,319,5
98,329,1
98,342,2
98,399,5
98,455,4
98,480,4
98,485,3
98,499,3
99,110,1
99,152,5
99,213,1
99,214,5
99,217,5
99,225,3
99,252,5
99,254,1
99,271,5
99,340,5
99,386,5
99,388,5
99,423,1
99,426,3
99,430,4
100,192,4
100,243,3
100,246,4
100,263,5
100,280,4
100,318,3
100,327,3
100,332,2
100,356,3
100,366,3
101,245,3
101,276,4
101,293,4
101,321,2
101,323,4
101,332,2
101,358,1
101,361,1
101,416,3
101,429,1
101,433,3
101,436,5
102,112,1
102,205,4
102,286,1
102,364,1
102,368,5
102,420,5
102,438,1
102,475,4
102,481,3
102,482,1
102,488,1
102,491,4
102,497,2
103,199,5
103,232,3
103,252,5
103,282,5
103,312,3
103,320,4
103,360,1
103,365,4
103,404,5
103,434,1
103,445,3
103,469,1
103,476,4
103,496,3
104,109,4
104,156,1
104,158,1
104,167,5
104,181,1
104,184,5
104,218,1
104,224,4
104,281,5
104,465,2
105,169,5
105,222,1
105,312,1
105,320,4
105,328,1
105,360,4
105,365,5
105,373,1
105,389,4
105,394,3
105,396,1
105,403,1
105,445,3
105,469,3
105,496,4
106,134,3
106,197,3
106,249,3
106,267,5
106,275,3
106,292,1
106,300,2
106,310,4
106,314,3
106,334,3
106,391,4
106,437,5
106,444,2
107,142,5
107,182,4
107,195,1
107,265,2
107,276,4
107,290,3
107,293,1
107,321,1
107,358,2
107,416,5
107,429,2
107,436,3
108,181,5
108,269,2
108,284,1
108,287,5
108,303,4
108,333,1
108,343,1
108,345,5
108,347,2
108,367,3
108,375,3
108,382,4
108,390,1
108,404,2
109,129,1
109,156,3
109,158,2
109,167,4
109,184,1
109,456,2
109,465,4
109,478,5
110,234,4
110,246,5
110,287,5
110,303,3
110,333,1
110,343,5
110,347,2
110,367,4
110,375,5
110,390,1
110,413,3
111,118,4
111,121,1
111,128,1
111,136,2
111,137,4
111,144,4
111,161,4
111,166,1
111,220,5
111,239,3
111,285,4
111,313,1
112,116,1
112,163,2
112,173,4
112,183,1
112,201,3
112,208,3
112,212,5
112,277,1
112,309,1
112,335,3
112,428,5
113,202,3
113,223,5
113,232,5
113,240,3
113,247,1
113,261,2
113,304,3
113,332,2
113,350,3
113,370,3
113,409,3
113,418,2
113,427,4
113,435,3
114,227,4
114,237,3
114,251,1
114,278,2
114,312,4
114,346,2
114,377,2
114,379,5
114,384,2
114,397,3
114,407,3
114,422,5
114,424,2
114,452,5
114,453,4
114,466,5
115,232,3
115,236,2
115,279,4
115,306,4
115,336,2
115,348,1
115,352,1
115,376,1
115,400,3
115,402,2
115,405,2
115,406,4
115,419,1
115,431,1
115,482,1
116,162,1
116,168,2
116,173,3
116,191,2
116,196,5
116,208,1
116,277,4
116,302,5
116,309,2
116,335,5
116,420,1
117,253,5
117,274,2
117,288,2
117,294,5
117,311,1
117,331,3
117,341,3
117,346,4
117,354,3
117,369,5
117,387,3
117,425,2
117,428,5
117,440,2
117,457,5
118,128,4
118,129,2
118,136,2
118,137,4
118,161,3
118,220,4
118,239,1
118,285,2
118,337,1
118,422,3
119,130,1
119,131,1
119,149,4
119,177,4
119,249,5
119,259,3
119,275,4
119,278,5
119,292,4
119,310,1
119,314,3
119,391,2
119,444,1
119,491,1
120,229,2
120,241,3
120,268,3
120,348,2
120,392,2
120,394,3
120,410,3
120,415,2
120,428,2
120,447,5
120,462,4
120,463,2
120,468,4
120,472,5
120,474,1
120,495,5
121,146,4
121,151,5
121,322,3
121,342,2
121,372,2
121,399,5
121,455,5
121,471,1
121,480,2
121,485,5
121,499,4
122,127,3
122,146,3
122,157,1
122,175,5
122,185,5
122,215,2
122,218,4
122,224,2
122,231,1
122,255,2
122,266,3
122,298,4
122,302,1
122,473,4
123,125,5
123,171,3
123,222,1
123,432,5
123,438,2
123,464,4
123,475,5
123,481,5
123,482,5
123,484,4
123,488,4
123,490,1
123,491,3
123,497,2
124,125,5
124,180,4
124,214,4
124,216,3
124,248,3
124,252,5
124,271,4
124,289,1
124,340,4
124,382,1
124,386,5
124,388,2
124,401,1
124,423,4
124,426,2
124,430,1
125,286,4
125,368,1
125,420,5
125,432,3
125,435,4
125,470,1
125,475,3
125,481,2
125,482,1
125,488,3
125,490,1
125,491,5
126,138,5
126,193,4
126,230,5
126,254,4
126,313,2
126,317,1
126,335,2
126,338,5
126,351,1
126,392,3
126,395,3
126,412,4
126,448,5
127,151,2
127,185,1
127,211,1
127,231,5
127,235,4
127,255,5
127,266,5
127,298,1
127,302,5
127,376,5
127,393,2
128,130,4
128,136,5
128,137,4
128,144,2
128,161,2
128,220,5
128,239,2
128,285,5
128,469,1
128,471,4
129,140,4
129,300,1
129,307,3
129,357,2
129,377,4
129,397,2
129,407,2
129,417,5
129,422,2
129,452,3
129,453,1
129,456,1
129,466,5
129,478,4
130,131,2
130,134,1
130,149,1
130,177,4
130,267,5
130,278,3
130,292,2
130,300,2
130,314,4
130,375,1
130,391,3
130,444,5
130,471,5
131,160,2
131,197,1
131,249,3
131,265,3
131,278,3
131,292,4
131,300,5
131,310,4
131,318,2
131,391,4
131,425,5
131,444,5
132,141,3
132,162,4
132,187,4
132,236,1
132,279,5
132,306,1
132,336,1
132,348,4
132,376,3
132,400,5
132,402,4
132,405,3
132,406,4
132,419,1
132,441,2
132,470,4
133,135,5
133,189,4
133,193,2
133,200,5
133,230,4
133,313,5
133,317,4
133,351,4
133,362,2
133,378,2
133,383,3
133,395,3
133,412,1
133,435,2
134,147,4
134,149,2
134,160,4
134,177,5
134,197,5
134,236,5
134,267,5
134,292,5
134,310,2
134,314,3
134,397,3
134,444,5
134,494,2
135,159,4
135,182,5
135,206,2
135,245,2
135,265,2
135,276,3
135,293,3
135,321,2
135,323,4
135,361,4
135,416,4
135,429,1
135,436,2
136,137,3
136,144,4
136,149,1
136,161,4
136,220,1
136,239,1
136,285,3
136,374,5
136,500,2
137,144,3
137,161,3
137,220,3
137,239,4
137,285,1
137,414,2
138,193,5
138,200,3
138,221,4
138,230,5
138,254,4
138,260,4
138,338,3
138,341,4
138,383,3
138,392,5
138,395,1
138,411,3
139,166,2
139,176,4
139,190,3
139,237,4
139,292,3
139,344,3
139,349,5
139,382,5
139,421,5
139,448,2
139,449,4
139,450,2
139,458,2
139,462,5
139,479,5
139,492,4
140,227,2
140,231,5
140,281,1
140,324,4
140,342,1
140,357,2
140,370,4
140,379,3
140,397,2
140,452,2
140,453,5
140,456,3
140,470,2
140,478,5
140,499,1
141,236,2
141,279,5
141,282,3
141,306,4
141,336,2
141,348,1
141,349,3
141,376,3
141,400,4
141,402,3
141,405,4
141,406,2
141,419,4
141,449,3
142,143,5
142,182,3
142,195,3
142,259,2
142,293,4
142,295,5
142,321,5
142,323,3
142,358,4
142,361,1
142,416,2
142,421,4
142,429,1
142,436,5
143,171,2
143,179,1
143,209,3
143,261,3
143,275,1
143,304,4
143,324,1
143,350,5
143,370,3
143,409,5
143,418,4
143,427,4
143,435,5
143,442,4
144,161,5
144,220,1
144,221,4
144,239,5
144,285,3
144,381,1
144,472,1
145,164,1
145,194,3
145,224,2
145,226,2
145,257,1
145,326,3
145,349,2
145,356,2
145,376,1
145,421,2
145,449,1
145,450,5
145,467,1
145,479,5
145,492,2
146,151,2
146,181,3
146,185,1
146,211,3
146,215,4
146,218,3
146,235,5
146,266,3
146,298,5
146,347,3
147,148,1
147,149,1
147,267,5
147,278,2
147,292,5
147,300,2
147,314,2
147,389,3
147,391,2
147,444,5
148,150,1
148,219,4
148,238,5
148,246,3
148,364,3
148,369,1
148,381,3
148,385,1
148,425,5
148,440,1
148,457,2
148,458,5
148,459,2
148,464,2
148,500,1
149,197,4
149,215,4
149,249,3
149,267,5
149,275,3
149,277,2
149,284,5
149,314,2
149,391,3
149,444,2
150,210,4
150,238,5
150,299,4
150,330,4
150,339,2
150,355,2
150,382,1
150,408,1
150,414,2
150,429,5
150,440,5
150,457,1
150,459,5
150,500,3
151,182,3
151,211,4
151,218,1
151,231,3
151,235,5
151,255,1
151,266,1
151,298,4
151,302,5
151,489,2
152,205,4
152,286,3
152,300,3
152,368,4
152,377,5
152,432,3
152,438,4
152,481,1
152,482,5
152,484,2
152,488,5
152,490,4
152,491,5
153,212,1
153,217,2
153,377,5
153,384,5
153,395,3
153,422,4
153,424,2
153,432,5
153,452,3
153,453,2
153,456,2
153,466,2
153,470,2
153,478,5
153,499,3
154,210,3
154,249,5
154,359,1
154,364,5
154,369,1
154,408,1
154,414,4
154,440,1
154,451,4
154,457,4
154,458,1
154,459,2
154,463,1
154,464,4
154,500,5
155,290,4
155,291,5
155,295,3
155,296,1
155,297,5
155,315,1
155,336,3
155,349,2
155,401,3
155,431,1
155,439,2
155,446,5
155,460,3
155,486,4
155,498,5
156,158,1
156,184,1
156,207,4
156,224,1
156,458,5
156,465,5
157,211,2
157,215,3
157,216,2
157,218,4
157,231,3
157,235,4
157,255,2
157,266,4
157,298,2
157,302,2
157,306,5
157,423,4
158,167,2
158,183,1
158,184,1
158,224,1
158,445,4
158,454,2
158,465,1
158,474,4
159,178,3
159,290,5
159,319,2
159,342,5
159,399,2
159,437,3
159,455,3
159,471,2
159,480,2
159,485,2
159,499,2
160,164,1
160,177,4
160,229,1
160,249,2
160,267,5
160,278,2
160,292,2
160,300,5
160,349,2
160,391,2
160,444,4
160,490,4
161,170,3
161,220,2
161,239,4
161,285,4
161,448,4
161,499,2
162,163,5
162,173,1
162,183,5
162,191,4
162,196,1
162,201,4
162,208,5
162,277,2
162,309,3
162,335,3
162,390,5
163,173,2
163,183,1
163,191,3
163,196,2
163,201,1
163,277,4
163,309,5
163,335,5
163,391,2
163,414,4
163,492,1
164,176,2
164,190,4
164,198,2
164,264,2
164,270,4
164,309,2
164,356,2
164,357,3
164,382,3
164,448,5
164,450,4
164,467,5
164,479,4
164,492,3
165,170,5
165,239,1
165,258,1
165,273,4
165,274,4
165,288,5
165,294,1
165,331,5
165,337,2
165,341,4
165,346,1
165,351,1
165,354,4
165,387,3
165,425,2
165,428,2
166,190,1
166,198,2
166,257,3
166,335,4
166,344,2
166,356,3
166,374,4
166,382,3
166,393,2
166,421,4
166,448,4
166,449,4
166,467,2
166,492,3
167,184,4
167,224,3
167,273,4
167,465,3
167,469,2
167,478,2
168,180,5
168,214,3
168,217,5
168,225,5
168,248,2
168,252,2
168,271,2
168,289,3
168,340,4
168,386,4
168,388,4
168,410,3
168,423,4
168,426,1
168,430,1
168,445,2
169,199,3
169,262,5
169,282,3
169,353,1
169,360,4
169,363,2
169,403,1
169,404,3
169,434,3
169,445,4
169,461,4
169,469,3
169,476,1
169,496,2
170,240,3
170,253,2
170,258,2
170,288,4
170,294,4
170,309,2
170,311,1
170,331,5
170,337,3
170,341,5
170,346,5
170,354,2
170,425,5
170,428,4
171,207,1
171,247,4
171,304,5
171,370,3
171,385,1
171,399,4
171,409,5
171,418,2
171,427,5
171,435,4
171,442,5
171,452,1
172,178,5
172,188,2
172,197,1
172,290,4
172,319,4
172,322,1
172,329,4
172,350,3
172,372,5
172,403,4
172,455,2
172,471,4
172,480,1
172,485,5
172,499,2
173,183,5
173,196,2
173,201,2
173,208,3
173,301,3
173,309,2
173,335,3
173,414,4
173,419,4
174,234,1
174,269,4
174,279,3
174,287,4
174,301,2
174,303,5
174,333,3
174,343,3
174,345,2
174,347,2
174,367,4
174,386,5
174,390,4
174,413,3
175,295,4
175,296,2
175,297,2
175,299,5
175,380,5
175,401,3
175,431,1
175,439,5
175,443,5
175,446,3
175,460,4
175,474,5
175,486,4
175,498,1
176,190,1
176,285,4
176,326,2
176,356,3
176,382,4
176,396,2
176,417,3
176,421,1
176,448,4
176,449,2
176,450,2
176,467,2
176,473,2
176,492,4
177,197,5
177,216,3
177,249,4
177,267,3
177,278,1
177,300,3
177,310,3
177,314,3
177,419,1
177,444,5
177,484,4
178,290,5
178,319,2
178,342,1
178,372,1
178,406,3
178,422,1
178,471,2
178,480,5
178,485,3
178,491,2
178,499,2
179,207,4
179,223,1
179,240,1
179,242,1
179,247,2
179,261,3
179,313,3
179,317,1
179,347,5
179,409,4
179,418,5
179,427,3
179,435,4
179,459,2
180,213,2
180,216,2
180,217,2
180,248,5
180,289,2
180,303,5
180,340,1
180,386,3
180,388,1
180,395,3
180,423,1
180,426,1
180,430,3
180,452,2
181,221,3
181,253,5
181,258,3
181,274,5
181,288,1
181,294,3
181,311,1
181,331,5
181,337,2
181,346,5
181,354,3
181,387,2
181,425,2
181,428,4
182,195,5
182,211,4
182,245,5
182,259,5
182,265,4
182,321,3
182,341,5
182,358,3
182,361,3
182,416,1
182,429,3
182,436,3
183,191,5
183,201,4
183,208,3
183,277,5
183,309,1
183,335,2
184,203,2
184,224,1
184,405,4
184,428,5
184,465,5
185,211,4
185,215,5
185,218,2
185,231,2
185,235,2
185,266,5
185,298,3
185,302,5
185,340,4
185,410,4
185,448,4
186,226,4
186,234,2
186,250,4
186,269,1
186,282,4
186,289,5
186,290,1
186,301,2
186,303,3
186,343,1
186,345,5
186,347,3
186,367,3
186,375,2
186,390,3
186,413,4
187,232,5
187,233,3
187,279,3
187,306,1
187,336,4
187,348,3
187,360,5
187,376,4
187,400,1
187,402,5
187,405,4
187,406,4
187,419,3
188,268,2
188,311,2
188,322,1
188,329,1
188,342,4
188,372,1
188,399,3
188,415,3
188,455,3
188,471,2
188,480,1
188,485,5
188,499,3
189,193,3
189,200,5
189,240,5
189,254,5
189,313,2
189,338,5
189,362,5
189,383,3
189,392,3
189,395,2
189,411,5
189,412,1
189,497,2
190,237,3
190,269,5
190,356,4
190,374,4
190,382,3
190,421,4
190,429,2
190,449,1
190,450,1
190,457,4
190,467,5
190,479,4
190,492,2
191,196,4
191,201,3
191,208,2
191,277,3
191,309,1
191,335,1
191,487,5
191,495,3
192,226,4
192,243,1
192,245,4
192,263,1
192,280,4
192,318,5
192,327,2
192,332,4
192,366,3
192,446,5
193,230,1
193,238,1
193,254,1
193,285,4
193,351,3
193,352,3
193,362,3
193,380,1
193,383,1
193,395,5
193,411,4
193,412,1
194,214,4
194,220,5
194,257,2
194,270,2
194,349,1
194,356,1
194,374,4
194,448,1
194,449,3
194,450,5
194,465,1
194,467,4
194,479,1
194,492,1
195,245,4
195,259,3
195,265,2
195,276,4
195,321,4
195,323,4
195,351,2
195,358,4
195,361,3
195,416,1
195,429,3
195,436,1
195,458,4
195,470,5
196,201,1
196,208,3
196,277,2
196,309,4
196,335,4
196,412,3
196,473,4
196,481,4
197,249,5
197,275,3
197,300,1
197,307,4
197,310,3
197,391,2
197,444,1
197,445,4
197,490,5
198,237,3
198,243,1
198,270,1
198,273,3
198,344,2
198,356,3
198,382,4
198,400,2
198,421,1
198,448,3
198,449,5
198,450,5
198,467,5
198,479,2
198,492,4
199,242,1
199,282,1
199,389,3
199,396,4
199,404,4
199,434,3
199,443,3
199,445,1
199,461,2
199,469,4
199,476,1
199,488,2
199,496,1
200,231,4
200,254,3
200,313,1
200,317,3
200,328,3
200,338,1
200,341,4
200,351,2
200,362,1
200,367,4
200,383,2
200,395,2
200,411,2
200,412,4
201,208,5
201,277,2
201,303,5
201,309,4
201,335,2
201,434,1
202,267,4
202,328,2
202,381,3
202,398,1
202,433,5
202,437,2
202,441,4
202,454,4
202,468,3
202,473,2
202,477,4
202,483,2
202,487,4
202,489,2
202,493,4
202,494,2
203,241,3
203,292,4
203,308,3
203,352,4
203,378,1
203,401,3
203,415,4
203,447,2
203,462,2
203,463,3
203,468,2
203,472,2
203,474,5
203,495,4
204,268,3
204,352,3
204,378,5
204,394,5
204,410,5
204,415,5
204,439,1
204,447,3
204,462,2
204,463,5
204,468,1
204,472,5
204,474,5
204,484,4
204,495,4
205,233,4
205,325,1
205,371,1
205,376,3
205,420,3
205,467,1
205,475,4
205,481,4
205,482,4
205,484,4
205,488,1
205,496,1
205,497,4
206,210,1
206,228,5
206,234,2
206,299,4
206,316,5
206,325,4
206,355,3
206,368,4
206,414,2
206,440,4
206,451,1
206,457,1
206,458,5
206,464,1
206,500,4
207,209,4
207,261,5
207,298,4
207,304,4
207,308,1
207,350,4
207,370,1
207,409,4
207,418,1
207,435,2
207,442,4
207,447,3
208,277,4
208,288,4
208,309,5
208,335,3
208,452,3
209,240,1
209,242,4
209,261,1
209,304,2
209,350,2
209,370,3
209,418,1
209,427,4
209,435,4
209,442,3
209,467,5
209,474,1
209,495,4
210,316,5
210,322,1
210,330,1
210,355,2
210,364,4
210,369,4
210,408,2
210,451,3
210,452,5
210,454,3
210,457,3
210,458,1
210,459,2
210,500,3
211,215,4
211,218,3
211,235,3
211,239,2
211,255,3
211,266,5
211,275,1
211,277,3
211,298,1
211,302,2
212,281,2
212,307,3
212,324,3
212,377,1
212,379,4
212,397,3
212,417,2
212,422,2
212,424,1
212,452,1
212,453,5
212,456,3
212,470,4
212,478,5
212,483,3
213,216,4
213,217,4
213,225,4
213,248,4
213,252,4
213,271,2
213,289,1
213,340,1
213,383,1
213,386,3
213,388,3
213,423,3
213,426,1
213,430,3
213,443,4
213,476,4
214,215,1
214,217,2
214,225,5
214,271,1
214,289,2
214,340,1
214,386,3
214,388,2
214,389,4
214,423,1
214,426,2
214,430,3
214,461,2
215,218,5
215,231,4
215,235,5
215,255,3
215,266,4
215,298,5
215,302,1
215,464,4
216,217,4
216,225,5
216,248,1
216,271,5
216,289,4
216,340,3
216,386,3
216,388,2
216,413,2
216,423,5
216,426,3
216,430,1
217,252,3
217,271,5
217,289,5
217,340,5
217,386,2
217,388,2
217,423,1
217,426,4
217,430,1
217,479,5
218,235,5
218,237,2
218,266,1
218,298,3
218,302,5
218,385,2
218,474,5
219,238,2
219,299,4
219,316,2
219,339,3
219,364,4
219,385,3
219,402,1
219,414,3
219,440,1
219,451,4
219,457,5
219,459,5
219,464,4
219,479,2
219,500,4
220,239,2
220,285,1
220,316,1
220,483,5
221,230,3
221,289,2
221,313,1
221,317,1
221,351,2
221,362,5
221,392,2
221,395,3
221,411,3
221,412,2
221,479,3
222,286,4
222,355,4
222,368,3
222,371,2
222,399,1
222,420,1
222,432,1
222,438,4
222,475,2
222,481,5
222,484,4
222,488,3
222,490,4
222,491,3
222,497,4
223,242,3
223,247,1
223,261,2
223,298,1
223,304,5
223,350,5
223,370,3
223,409,1
223,418,3
223,427,4
223,435,2
223,442,4
223,450,5
224,404,5
224,465,3
225,248,5
225,266,4
225,271,3
225,289,4
225,340,4
225,386,1
225,388,1
225,416,5
225,423,3
225,426,4
225,430,5
226,243,1
226,244,1
226,263,3
226,280,5
226,312,3
226,318,2
226,327,5
226,332,3
226,366,4
227,246,5
227,278,5
227,281,5
227,307,4
227,324,5
227,357,3
227,379,1
227,397,3
227,407,2
227,422,1
227,452,5
227,453,4
227,466,5
227,470,2
227,478,5
227,495,5
228,237,5
228,297,2
228,401,2
228,431,3
228,437,1
228,443,3
228,446,5
228,460,4
228,486,1
228,491,2
228,498,3
229,308,1
229,352,2
229,384,5
229,394,3
229,410,4
229,415,5
229,445,5
229,447,1
229,462,4
229,463,3
229,466,5
229,468,1
229,472,4
229,474,4
229,495,1
230,260,4
230,317,4
230,338,1
230,351,5
230,362,2
230,368,3
230,383,4
230,411,2
230,412,4
230,432,3
231,235,3
231,255,1
231,298,5
231,302,4
231,486,1
231,494,5
232,272,2
232,279,4
232,306,4
232,336,5
232,348,5
232,376,5
232,400,3
232,402,1
232,405,5
232,406,1
232,419,1
232,491,1
233,285,1
233,349,1
233,368,3
233,371,2
233,409,3
233,432,2
233,438,5
233,475,1
233,481,5
233,482,5
233,484,1
233,491,2
233,497,1
234,284,3
234,301,1
234,303,2
234,333,2
234,343,3
234,345,3
234,347,5
234,362,2
234,367,3
234,413,3
234,446,5
234,500,3
235,255,1
235,266,2
235,302,1
235,355,2
235,375,1
235,379,1
236,279,4
236,306,5
236,309,2
236,336,5
236,348,5
236,376,3
236,400,1
236,402,3
236,405,2
236,406,5
236,419,1
236,441,5
237,238,5
237,326,3
237,349,4
237,356,2
237,374,3
237,382,3
237,421,2
237,448,4
237,449,1
237,450,1
237,467,2
237,479,5
237,492,2
238,291,5
238,330,4
238,364,1
238,369,1
238,373,3
238,385,4
238,408,1
238,451,1
238,457,1
238,458,2
238,459,5
238,464,3
238,500,4
239,252,3
239,285,2
239,460,5
240,247,2
240,256,4
240,266,3
240,304,3
240,350,1
240,370,5
240,409,3
240,418,5
240,427,4
240,435,1
240,442,1
241,308,2
241,352,5
241,378,5
241,394,4
241,410,3
241,415,4
241,417,5
241,447,4
241,462,4
241,463,2
241,468,5
241,472,5
241,474,4
241,477,3
241,495,3
242,244,3
242,247,4
242,261,1
242,304,4
242,350,4
242,370,4
242,381,2
242,403,4
242,409,5
242,418,1
242,427,3
242,435,1
242,442,4
243,244,4
243,263,3
243,280,3
243,318,5
243,327,4
243,332,5
243,366,1
243,397,5
244,248,1
244,263,1
244,280,5
244,318,3
244,327,5
244,332,2
244,350,1
244,366,3
244,471,2
245,259,4
245,265,3
245,276,3
245,321,1
245,323,4
245,358,4
245,361,3
245,405,3
245,416,3
245,429,5
245,436,3
245,453,4
245,476,4
246,299,3
246,330,2
246,339,5
246,355,3
246,359,5
246,364,5
246,408,1
246,414,2
246,440,1
246,459,2
246,464,5
246,500,2
247,261,3
247,350,1
247,359,4
247,370,4
247,409,3
247,418,3
247,427,4
247,435,4
247,442,1
247,474,2
248,252,1
248,271,5
248,289,2
248,293,1
248,340,5
248,386,2
248,388,1
248,423,2
248,426,3
248,430,5
248,468,4
248,486,5
249,267,4
249,275,5
249,310,2
249,314,2
249,330,3
249,391,5
249,444,1
249,476,5
250,269,5
250,279,3
250,283,3
250,284,4
250,287,3
250,301,3
250,303,2
250,333,1
250,345,2
250,347,2
250,367,2
250,375,5
250,390,4
250,391,3
250,413,4
250,460,3
251,281,5
251,307,3
251,308,1
251,357,4
251,377,5
251,379,5
251,384,1
251,407,3
251,417,3
251,424,5
251,453,4
251,455,3
251,456,4
251,466,1
251,470,3
251,478,2
252,271,1
252,289,4
252,340,4
252,386,3
252,388,3
252,423,5
252,426,5
252,430,4
252,483,1
253,258,1
253,307,1
253,311,3
253,331,5
253,337,2
253,341,2
253,346,2
253,354,3
253,387,1
253,425,4
253,428,2
254,269,3
254,313,5
254,338,2
254,351,5
254,362,1
254,383,2
254,392,5
254,395,3
254,408,5
254,411,1
254,412,5
255,266,2
255,287,2
255,298,5
255,302,1
255,402,5
255,426,5
256,273,3
256,283,5
256,315,2
256,328,1
256,334,1
256,381,4
256,393,2
256,431,1
256,437,2
256,454,3
256,473,3
256,477,5
256,483,1
256,487,4
256,489,2
256,493,3
256,494,4
257,306,3
257,326,4
257,344,2
257,349,1
257,374,5
257,382,1
257,412,3
257,416,3
257,448,4
257,449,1
257,450,5
257,467,5
257,479,4
257,492,3
258,288,2
258,294,1
258,311,1
258,328,4
258,331,2
258,337,5
258,341,4
258,346,5
258,354,3
258,387,4
258,396,3
258,425,1
258,428,2
258,466,5
259,265,4
259,276,1
259,293,1
259,302,3
259,323,1
259,358,3
259,361,5
259,416,3
259,429,2
259,436,2
260,273,4
260,354,4
260,381,4
260,390,1
260,393,4
260,433,2
260,437,3
260,454,1
260,473,5
260,477,3
260,483,1
260,487,3
260,489,1
260,493,3
260,494,3
261,304,1
261,370,3
261,409,2
261,427,1
261,435,2
261,442,4
261,455,3
261,468,2
262,267,1
262,282,1
262,299,5
262,305,5
262,320,1
262,353,4
262,360,5
262,373,3
262,389,2
262,396,5
262,403,4
262,434,3
262,445,4
262,451,4
262,461,4
262,469,5
262,476,3
262,496,4
263,280,3
263,318,2
263,326,2
263,327,5
263,332,3
263,366,5
263,371,5
264,269,1
264,272,5
264,291,3
264,295,2
264,296,5
264,297,4
264,392,5
264,401,5
264,423,5
264,431,3
264,439,2
264,443,4
264,446,3
264,460,1
264,486,3
264,498,4
265,276,1
265,321,2
265,358,1
265,361,3
265,413,1
265,416,4
265,429,2
265,436,5
265,480,5
266,302,2
266,413,5
267,275,5
267,278,2
267,292,1
267,300,5
267,310,2
267,314,4
267,384,2
267,391,5
268,308,5
268,321,5
268,339,3
268,352,1
268,378,5
268,394,3
268,410,5
268,415,5
268,447,5
268,462,2
268,463,5
268,468,4
268,472,2
268,474,1
268,495,4
268,499,3
269,284,4
269,287,2
269,303,2
269,343,3
269,345,5
269,375,2
269,390,1
269,413,3
270,275,2
270,324,5
270,326,4
270,344,1
270,349,2
270,374,2
270,382,3
270,419,4
270,421,2
270,448,4
270,449,4
270,450,2
270,467,4
270,479,5
270,492,2
271,331,5
271,386,4
271,388,5
271,423,5
271,426,4
271,430,4
271,444,5
271,494,2
272,295,3
272,296,3
272,297,1
272,345,5
272,369,3
272,380,1
272,383,1
272,431,5
272,439,3
272,443,1
272,446,3
272,460,5
272,486,2
272,498,2
273,283,3
273,315,1
273,398,2
273,437,2
273,441,2
273,454,1
273,473,1
273,477,3
273,483,1
273,487,4
273,489,5
273,493,5
273,494,2
274,288,2
274,294,1
274,307,4
274,311,4
274,320,4
274,328,1
274,331,1
274,337,5
274,346,2
274,354,2
274,387,2
274,425,4
274,428,5
275,278,3
275,292,3
275,300,4
275,310,3
275,314,5
275,364,2
275,391,1
275,444,2
276,280,4
276,293,2
276,321,3
276,323,3
276,358,1
276,360,4
276,361,1
276,416,2
276,429,3
276,436,2
276,465,3
276,467,3
277,309,3
277,315,3
277,334,5
277,335,3
277,337,1
278,310,4
278,314,2
278,372,5
278,391,1
278,394,1
278,444,4
279,304,4
279,306,4
279,336,3
279,348,5
279,376,1
279,400,3
279,402,2
279,405,4
279,406,3
279,419,2
279,434,4
280,318,1
280,327,2
280,332,1
280,357,2
280,366,4
280,399,4
280,493,2
281,310,5
281,324,5
281,327,3
281,357,1
281,384,5
281,397,5
281,407,2
281,417,5
281,422,2
281,424,5
281,452,4
281,456,3
281,466,4
281,470,3
282,312,4
282,360,1
282,365,1
282,373,2
282,379,4
282,396,1
282,403,5
282,404,3
282,445,2
282,461,4
282,476,4
282,496,4
283,303,2
283,334,1
283,356,1
283,363,5
283,381,3
283,393,3
283,433,3
283,437,2
283,441,2
283,454,1
283,477,4
283,483,4
283,487,4
283,489,4
283,493,3
283,494,4
284,294,4
284,301,4
284,303,2
284,332,1
284,333,2
284,345,1
284,347,1
284,367,5
284,375,5
284,390,4
284,413,3
284,483,4
285,350,5
285,394,3
286,368,2
286,371,2
286,398,2
286,407,1
286,438,4
286,464,1
286,473,5
286,475,2
286,481,3
286,482,3
286,484,1
286,488,5
286,490,3
286,491,3
286,497,3
287,301,1
287,303,2
287,333,1
287,343,2
287,345,5
287,347,3
287,367,5
287,375,5
287,390,3
287,413,3
287,414,3
287,480,5
287,483,5
288,311,2
288,331,4
288,337,3
288,341,2
288,346,5
288,354,1
288,387,3
288,425,5
288,428,5
288,431,1
288,482,3
289,340,5
289,386,4
289,388,5
289,423,2
289,426,4
289,430,4
290,319,2
290,322,4
290,329,2
290,342,3
290,372,5
290,388,3
290,399,4
290,455,1
290,471,3
290,485,5
290,499,2
291,295,2
291,296,4
291,307,1
291,360,2
291,431,5
291,439,5
291,443,3
291,446,4
291,460,1
291,486,2
291,498,2
292,300,4
292,310,5
292,314,1
292,368,1
292,391,4
292,444,3
293,321,1
293,323,5
293,358,1
293,361,2
293,362,3
293,395,5
293,416,3
293,429,1
293,436,3
293,498,5
294,311,4
294,331,4
294,335,3
294,338,5
294,341,2
294,354,2
294,387,1
294,425,1
294,428,4
294,431,1
295,296,4
295,297,5
295,343,4
295,344,3
295,370,2
295,380,4
295,431,5
295,439,2
295,443,4
295,460,5
295,486,3
295,498,5
296,344,3
296,380,3
296,399,1
296,401,3
296,431,5
296,439,4
296,442,2
296,443,3
296,446,1
296,460,4
296,461,5
296,486,2
296,498,2
297,340,2
297,380,1
297,401,2
297,402,2
297,405,1
297,431,5
297,439,5
297,443,2
297,446,2
297,459,2
297,460,5
297,486,3
297,498,2
298,302,2
298,459,1
299,339,2
299,355,4
299,369,5
299,371,4
299,385,4
299,408,4
299,414,3
299,433,4
299,440,1
299,457,4
299,458,4
299,459,4
299,464,5
299,500,2
300,314,3
300,444,4
300,450,4
300,453,5
301,303,2
301,333,5
301,343,1
301,345,3
301,347,4
301,367,5
301,375,1
301,390,4
301,407,5
301,413,5
301,454,1
302,382,3
302,479,3
303,343,1
303,347,2
303,367,3
303,390,2
303,413,1
304,409,5
304,418,5
304,427,4
304,442,4
305,353,1
305,360,4
305,365,3
305,368,4
305,373,2
305,389,1
305,396,1
305,403,2
305,404,1
305,434,5
305,436,4
305,445,2
305,461,5
305,469,5
305,476,2
305,487,5
305,496,5
306,336,3
306,348,1
306,361,5
306,366,2
306,376,5
306,400,1
306,402,2
306,405,5
306,406,3
306,419,3
307,377,4
307,384,1
307,407,3
307,417,3
307,422,2
307,424,3
307,452,1
307,453,4
307,456,1
307,466,2
307,470,5
307,478,2
308,323,2
308,352,5
308,378,2
308,390,5
308,394,4
308,410,4
308,415,4
308,447,3
308,462,5
308,463,2
308,468,5
308,472,2
308,474,5
308,495,1
309,335,5
309,493,5
310,391,3
310,411,3
310,432,2
310,444,3
311,331,2
311,341,1
311,354,3
311,387,1
311,425,2
311,428,3
311,460,5
311,499,1
312,320,4
312,335,2
312,353,5
312,360,2
312,365,4
312,373,1
312,389,4
312,403,3
312,434,2
312,445,1
312,455,2
312,461,1
312,469,1
312,476,2
312,496,1
313,317,1
313,338,2
313,351,2
313,362,2
313,383,2
313,392,2
313,395,3
313,400,1
313,411,3
313,412,1
314,366,3
314,444,2
314,449,5
314,474,4
314,493,5
315,318,2
315,328,4
315,334,3
315,363,4
315,398,5
315,433,4
315,441,3
315,449,5
315,454,4
315,473,1
315,477,2
315,482,1
315,483,2
315,487,2
315,489,5
315,493,1
315,494,3
316,325,3
316,339,5
316,346,4
316,355,5
316,359,4
316,364,5
316,385,4
316,408,3
316,414,5
316,450,5
316,451,5
316,458,3
316,459,5
316,464,2
316,500,1
317,323,1
317,338,2
317,362,1
317,383,3
317,392,3
317,395,4
317,400,4
317,411,4
317,412,2
317,429,1
318,327,2
318,332,1
318,366,5
318,396,5
319,322,1
319,329,3
319,342,5
319,363,2
319,372,4
319,399,4
319,416,4
319,455,3
319,471,2
319,480,3
319,485,1
319,496,3
319,499,1
320,353,4
320,360,3
320,365,4
320,373,4
320,389,3
320,403,4
320,419,5
320,434,4
320,445,4
320,461,1
320,469,2
320,476,1
320,492,2
320,496,4
321,323,1
321,358,1
321,361,5
321,416,5
321,429,4
321,436,5
321,456,5
321,465,5
321,467,1
322,329,5
322,371,5
322,372,4
322,399,4
322,430,3
322,439,1
322,455,5
322,471,5
322,480,2
322,485,1
322,499,5
323,358,1
323,361,1
323,367,5
323,416,2
323,429,5
323,436,1
323,439,3
324,344,2
324,357,3
324,377,4
324,384,3
324,386,1
324,397,3
324,407,2
324,417,3
324,422,3
324,424,1
324,452,3
324,466,3
324,470,3
324,478,5
325,330,5
325,339,3
325,355,3
325,359,5
325,364,3
325,369,1
325,373,5
325,385,4
325,408,5
325,414,4
325,440,1
325,451,5
325,457,1
325,459,2
325,464,3
325,488,3
325,500,5
326,327,5
326,344,2
326,356,1
326,374,5
326,382,3
326,421,2
326,448,1
326,449,1
326,450,2
326,467,1
326,479,3
326,492,3
327,332,1
327,366,4
327,383,2
328,334,4
328,363,1
328,398,1
328,433,4
328,437,1
328,441,2
328,454,5
328,473,1
328,477,3
328,483,3
328,487,3
328,489,2
328,493,5
328,494,4
329,332,2
329,361,3
329,372,4
329,399,3
329,429,4
329,455,1
329,471,4
329,480,3
329,485,5
329,499,5
330,355,5
330,359,1
330,364,1
330,369,3
330,385,5
330,390,1
330,408,2
330,414,3
330,440,4
330,451,1
330,458,5
330,459,2
330,472,1
330,494,2
330,500,1
331,337,2
331,339,2
331,346,3
331,354,5
331,387,2
331,425,3
331,428,1
331,456,4
332,366,2
333,343,4
333,345,2
333,347,2
333,353,1
333,367,4
333,375,1
333,390,3
333,413,3
333,420,5
333,500,3
334,340,4
334,363,3
334,381,3
334,393,1
334,398,1
334,433,4
334,437,3
334,441,2
334,473,3
334,477,3
334,483,3
334,487,2
334,489,5
334,493,1
334,494,2
335,418,1
336,348,3
336,376,3
336,400,3
336,402,5
336,405,3
336,406,3
336,419,3
336,452,2
337,341,2
337,346,2
337,354,5
337,379,4
337,387,2
337,425,4
337,428,3
338,351,3
338,358,1
338,364,1
338,383,3
338,392,4
338,393,2
338,411,4
338,412,4
338,485,5
339,355,4
339,359,5
339,364,5
339,385,1
339,404,3
339,408,4
339,440,4
339,451,3
339,457,4
339,458,3
339,459,5
339,464,1
340,386,1
340,388,4
340,423,1
340,426,3
340,430,1
341,346,3
341,354,1
341,387,1
341,425,1
341,428,4
341,472,3
342,343,3
342,363,1
342,372,4
342,399,3
342,403,3
342,422,3
342,455,1
342,471,5
342,485,5
342,499,4
343,345,5
343,347,5
343,390,2
343,402,4
343,413,4
343,465,4
343,496,5
344,349,5
344,356,5
344,374,4
344,382,5
344,421,5
344,449,3
344,450,5
344,467,2
344,479,5
344,492,4
345,367,1
345,375,5
345,390,1
345,413,3
345,433,5
345,481,4
346,350,2
346,354,3
346,387,2
346,398,3
346,425,5
346,428,2
346,485,4
347,367,3
347,375,1
347,390,4
347,413,5
347,455,3
347,459,2
348,376,5
348,400,4
348,402,2
348,405,1
348,406,2
348,419,4
348,423,2
348,458,1
349,356,2
349,374,1
349,382,4
349,421,1
349,448,5
349,449,2
349,450,5
349,467,2
349,479,5
349,492,1
350,362,5
350,370,3
350,409,1
350,418,3
350,427,1
350,435,3
350,442,3
351,362,4
351,374,1
351,383,1
351,392,1
351,395,2
351,411,1
351,412,2
352,359,2
352,378,1
352,392,2
352,394,3
352,410,3
352,415,4
352,447,1
352,462,1
352,463,2
352,468,5
352,472,2
352,474,3
352,495,5
353,360,5
353,364,3
353,365,4
353,373,2
353,389,2
353,396,4
353,403,5
353,404,3
353,434,1
353,445,5
353,461,2
353,469,2
353,476,5
353,487,1
353,496,2
354,358,1
354,387,2
354,425,5
354,428,4
355,359,5
355,369,2
355,385,2
355,404,2
355,440,2
355,451,1
355,458,1
355,459,3
355,464,2
355,500,3
356,374,4
356,382,5
356,396,4
356,421,1
356,448,4
356,450,3
356,467,5
356,479,1
356,492,5
357,377,1
357,379,1
357,384,3
357,397,3
357,407,2
357,417,2
357,424,1
357,452,3
357,453,4
357,456,5
357,465,4
357,466,4
357,470,5
357,478,4
358,361,4
358,416,1
358,418,4
358,429,4
358,436,2
359,365,5
359,369,5
359,408,5
359,414,5
359,440,1
359,444,4
359,451,3
359,457,5
359,458,5
359,459,1
359,464,4
359,500,4
360,373,3
360,396,3
360,403,5
360,404,2
360,434,3
360,461,1
360,476,4
360,496,3
361,362,5
361,371,5
361,385,2
361,416,2
361,429,1
361,436,2
362,383,5
362,392,5
362,395,5
362,411,1
362,412,2
363,381,5
363,393,5
363,398,5
363,433,3
363,434,4
363,437,1
363,441,2
363,454,3
363,473,5
363,477,5
363,483,2
363,487,4
363,489,1
363,493,5
363,494,1
364,369,1
364,408,5
364,440,1
364,451,5
364,457,2
364,464,4
364,500,5
365,373,3
365,389,1
365,396,5
365,398,2
365,403,3
365,404,5
365,434,2
365,442,2
365,445,1
365,461,2
365,469,5
365,476,4
365,484,1
365,496,2
366,432,5
366,438,1
366,457,2
367,375,3
367,413,1
367,457,4
367,488,3
368,420,3
368,432,4
368,438,1
368,475,3
368,481,3
368,482,1
368,484,2
368,488,5
368,490,1
368,491,3
368,495,5
368,497,5
369,408,4
369,414,2
369,418,3
369,440,3
369,451,3
369,458,4
369,464,1
369,471,1
369,500,5
370,409,4
370,418,3
370,427,1
370,431,4
370,435,2
370,442,2
370,472,4
371,420,1
371,432,1
371,438,5
371,481,1
371,482,3
371,484,2
371,488,3
371,490,4
371,491,5
371,496,2
371,497,1
372,375,3
372,399,2
372,424,2
372,446,1
372,455,1
372,471,3
372,480,4
372,485,4
372,499,2
373,389,1
373,396,1
373,403,2
373,404,3
373,434,2
373,445,4
373,457,3
373,461,4
373,462,3
373,469,1
373,476,5
373,496,2
374,382,2
374,421,5
374,449,2
374,450,2
374,453,5
374,460,1
374,467,2
374,479,4
374,492,5
375,390,1
375,394,4
375,413,2
375,491,2
376,400,2
376,402,5
376,405,1
376,406,4
376,419,5
376,427,2
377,397,2
377,400,3
377,417,5
377,424,1
377,440,2
377,448,5
377,452,4
377,453,4
377,456,5
377,466,4
377,470,3
377,473,2
377,478,4
378,394,2
378,410,1
378,415,3
378,440,4
378,442,5
378,447,1
378,462,3
378,463,3
378,468,2
378,472,1
378,474,1
378,495,1
379,384,5
379,397,1
379,407,4
379,411,5
379,417,3
379,422,1
379,424,5
379,452,2
379,453,4
379,456,1
379,466,3
379,470,2
379,478,2
380,401,1
380,428,4
380,431,4
380,439,5
380,443,1
380,446,4
380,460,4
380,486,3
380,498,2
381,393,3
381,398,2
381,433,4
381,436,5
381,437,2
381,441,4
381,454,2
381,465,2
381,473,5
381,477,2
381,483,2
381,487,5
381,489,5
381,493,1
381,494,3
382,448,5
382,449,4
382,467,5
382,479,3
383,392,2
383,395,1
383,411,5
383,412,1
383,424,1
384,397,1
384,407,3
384,415,1
384,417,2
384,422,1
384,424,1
384,450,4
384,452,3
384,453,2
384,456,4
384,466,5
384,470,2
384,478,2
384,480,4
385,391,3
385,408,5
385,414,3
385,440,4
385,451,4
385,457,4
385,458,2
385,459,3
385,464,4
385,500,4
386,388,4
386,401,1
386,423,4
386,426,4
386,430,2
386,480,4
386,490,2
387,398,3
387,425,1
387,428,4
387,438,4
387,445,4
387,477,5
388,389,1
388,400,1
388,423,5
388,426,5
388,430,2
388,456,2
389,396,3
389,404,4
389,434,2
389,460,1
389,461,2
389,469,2
389,476,5
389,496,5
390,413,5
391,444,3
391,498,5
392,395,5
392,397,3
392,411,5
392,412,3
393,398,4
393,421,5
393,431,3
393,433,1
393,437,3
393,454,4
393,473,5
393,477,5
393,483,3
393,487,4
393,489,4
393,493,5
393,494,3
394,410,1
394,415,1
394,447,5
394,462,5
394,463,1
394,468,3
394,472,3
394,474,5
394,495,1
395,412,5
396,404,3
396,434,2
396,445,3
396,461,4
396,469,3
396,476,1
396,496,4
397,417,3
397,422,4
397,453,2
397,456,1
397,466,2
397,470,1
397,472,1
397,478,5
397,489,4
398,433,1
398,437,4
398,441,1
398,454,2
398,473,3
398,477,3
398,483,4
398,487,2
398,489,5
398,493,4
398,494,3
399,455,3
399,471,1
399,480,3
399,485,2
399,499,4
400,402,5
400,405,2
400,406,2
400,419,3
401,406,4
401,439,2
401,443,3
401,446,5
401,460,4
401,464,5
401,486,5
401,498,5
402,405,1
402,406,5
402,419,5
402,449,2
403,404,4
403,412,1
403,434,3
403,445,5
403,461,4
403,469,3
403,476,5
403,496,1
404,445,5
404,461,1
404,469,2
404,476,1
404,496,1
405,406,5
405,419,5
405,448,5
405,468,1
406,419,5
406,444,3
406,466,1
407,411,1
407,417,3
407,422,4
407,424,4
407,452,1
407,453,1
407,456,2
407,463,3
407,466,1
407,470,2
407,478,2
407,482,1
408,409,1
408,410,4
408,414,5
408,440,2
408,451,4
408,458,1
408,462,2
408,500,5
409,418,5
409,427,5
409,435,4
409,442,2
409,453,3
409,492,1
410,415,4
410,447,2
410,462,1
410,463,4
410,468,3
410,472,1
410,474,3
410,493,3
410,495,5
411,412,2
411,451,4
411,466,3
412,426,2
412,443,2
413,430,4
413,475,5
414,426,1
414,440,2
414,457,2
414,458,5
414,459,2
414,464,3
414,500,1
415,416,4
415,447,5
415,462,3
415,463,1
415,468,4
415,472,3
415,474,3
415,484,5
415,495,2
416,429,5
416,436,5
417,422,2
417,424,3
417,434,3
417,436,1
417,452,1
417,453,4
417,456,4
417,466,5
417,470,3
417,478,2
417,492,1
418,421,1
418,427,5
418,435,1
418,442,2
418,464,5
420,432,4
420,438,5
420,447,3
420,475,1
420,481,5
420,482,4
420,484,5
420,488,4
420,490,3
420,491,4
420,497,4
421,423,4
421,448,3
421,449,5
421,450,5
421,467,4
421,479,5
421,486,5
421,492,3
422,424,2
422,452,3
422,453,2
422,456,3
422,466,2
422,470,4
422,478,4
422,498,1
423,426,4
423,430,3
423,466,5
424,429,5
424,435,4
424,452,1
424,453,2
424,456,3
424,466,5
424,470,5
424,478,3
425,428,2
425,435,2
425,475,5
425,489,2
426,428,3
426,430,5
427,435,5
427,440,4
427,442,2
427,476,1
427,500,1
429,436,3
430,438,1
430,475,4
430,491,5
431,439,2
431,443,1
431,446,1
431,460,3
431,486,2
431,498,4
432,438,3
432,475,2
432,481,4
432,482,3
432,484,2
432,488,5
432,490,2
432,497,3
433,437,4
433,441,1
433,454,5
433,473,2
433,477,5
433,483,1
433,487,4
433,489,5
433,493,1
433,494,4
434,460,2
434,461,2
434,469,5
434,476,5
434,484,1
434,496,5
435,442,3
435,480,2
436,492,5
437,441,5
437,454,5
437,468,1
437,473,3
437,477,2
437,482,5
437,483,4
437,487,3
437,489,2
437,493,5
437,494,1
438,464,2
438,475,2
438,481,4
438,482,1
438,484,2
438,488,1
438,489,1
438,490,2
438,497,5
439,443,4
439,460,4
439,486,5
439,494,2
439,498,5
440,451,2
440,457,2
440,459,3
440,464,5
440,492,3
440,500,5
441,442,2
441,454,4
441,456,1
441,473,3
441,477,5
441,483,4
441,487,5
441,489,1
441,493,5
441,494,2
441,497,2
442,466,3
443,446,1
443,448,2
443,460,4
443,486,5
443,498,1
444,458,2
444,471,1
445,461,4
445,469,1
445,476,2
445,496,2
446,447,5
446,460,3
446,486,4
446,498,1
447,462,3
447,463,5
447,468,2
447,470,2
447,472,1
447,474,4
447,495,2
448,449,4
448,450,1
448,467,3
448,479,3
448,492,2
449,450,2
449,467,5
449,479,5
449,492,5
450,467,5
450,476,5
450,479,3
450,492,3
451,457,2
451,458,1
451,459,4
451,464,2
451,476,4
451,486,3
452,453,5
452,456,1
452,466,2
452,468,5
452,470,5
452,478,1
453,456,3
453,466,1
453,470,4
453,478,4
454,469,4
454,473,5
454,477,1
454,483,5
454,487,3
454,489,2
454,493,4
454,494,1
455,471,4
455,472,3
455,480,2
455,485,3
455,499,3
456,466,4
456,470,2
456,478,4
457,458,1
457,459,1
457,464,5
457,500,4
458,459,1
458,461,4
458,464,5
458,500,1
459,500,5
460,486,2
460,498,5
461,469,2
461,476,1
461,496,2
462,463,5
462,468,4
462,472,4
462,474,3
462,489,3
462,495,5
463,468,3
463,472,2
463,474,3
463,490,1
463,495,3
464,500,3
466,470,5
466,478,3
467,479,4
467,492,3
467,500,4
468,472,5
468,474,4
468,495,4
469,476,5
469,496,3
470,478,4
471,480,4
471,485,4
471,493,1
471,499,2
472,474,5
472,495,2
473,477,4
473,483,2
473,487,1
473,488,4
473,489,2
473,493,4
473,494,1
474,495,1
475,477,5
475,479,2
475,481,1
475,482,1
475,484,3
475,487,3
475,488,3
475,490,4
475,491,4
475,497,2
476,496,2
477,481,1
477,483,3
477,487,4
477,489,2
477,493,4
477,494,4
477,498,5
479,484,1
479,492,4
480,482,5
480,485,2
480,499,4
481,482,4
481,488,3
481,490,3
481,491,2
481,497,1
482,484,4
482,488,4
482,490,3
482,491,5
482,497,3
483,487,1
483,489,3
483,493,4
483,494,1
484,488,3
484,490,5
484,491,5
484,497,2
485,486,1
485,499,2
486,498,4
487,489,2
487,493,5
487,494,4
488,490,5
488,491,2
489,493,5
489,494,5
490,491,4
490,497,1
491,497,5
493,494,2
494,497,4
495,496,4
495,497,1