1,93,5
1,195,1
1,245,1
1,259,5
1,276,2
1,293,4
1,323,3
1,349,4
1,358,5
1,361,4
1,416,2
1,429,1
1,436,5
1,484,4
2,150,1
2,181,2
2,221,2
2,240,4
2,258,2
2,274,5
2,331,5
2,337,1
2,341,2
2,387,2
2,392,2
2,428,4
2,439,4
2,444,1
3,152,2
3,165,3
3,233,1
3,438,5
3,457,5
3,465,1
3,475,4
3,480,1
3,481,1
3,482,5
3,484,3
3,490,5
3,491,1
3,497,4
4,58,5
4,106,4
4,149,4
4,241,1
4,243,1
4,249,4
4,275,5
4,278,2
4,292,4
4,300,5
4,314,4
4,332,1
4,391,2
4,418,1
5,95,1
5,100,2
5,181,1
5,258,1
5,274,5
5,311,1
5,331,2
5,333,3
5,387,1
5,392,4
5,397,5
5,425,3
5,428,4
5,444,2
6,34,3
6,52,2
6,64,4
6,66,3
6,70,4
6,78,2
6,92,1
6,109,4
6,156,5
6,167,3
6,169,2
6,184,4
6,224,4
6,414,5
7,74,5
7,125,3
7,141,1
7,222,2
7,236,3
7,279,2
7,306,5
7,348,4
7,366,4
7,400,3
7,402,4
7,405,3
7,406,1
7,419,2
8,28,3
8,49,4
8,81,5
8,133,4
8,177,3
8,230,3
8,254,3
8,338,3
8,351,4
8,362,5
8,395,4
8,411,3
8,412,1
8,493,5
9,11,4
9,53,1
9,91,3
9,100,5
9,192,4
9,226,1
9,263,3
9,294,3
9,318,5
9,335,3
9,365,3
9,450,1
9,461,5
9,476,5
10,91,1
10,174,5
10,184,1
10,192,2
10,226,4
10,243,1
10,244,5
10,263,4
10,294,2
10,318,3
10,327,1
10,333,5
10,335,4
10,365,5
11,18,1
11,88,4
11,192,5
11,243,2
11,244,2
11,263,2
11,309,5
11,318,1
11,327,1
11,335,2
11,365,4
11,445,5
11,456,4
12,43,5
12,82,3
12,91,4
12,113,3
12,192,3
12,226,4
12,243,3
12,244,5
12,294,2
12,318,1
12,327,1
12,335,1
12,365,1
12,479,5
13,117,3
13,253,3
13,288,3
13,311,4
13,333,5
13,337,1
13,341,2
13,387,4
13,392,5
13,404,4
13,425,1
13,428,5
13,434,1
13,444,5
14,61,4
14,118,2
14,128,2
14,137,5
14,144,5
14,161,5
14,239,5
14,251,4
14,277,2
14,280,2
14,285,5
14,333,4
14,423,3
14,487,5
15,25,1
15,84,1
15,103,1
15,112,2
15,116,4
15,162,5
15,163,5
15,173,2
15,183,5
15,196,1
15,201,3
15,208,3
15,354,3
15,452,4
16,77,3
16,205,3
16,247,5
16,250,4
16,319,5
16,329,3
16,342,2
16,373,5
16,375,5
16,399,4
16,455,1
16,471,3
16,485,4
16,499,1
17,29,3
17,207,4
17,247,3
17,290,2
17,304,3
17,350,1
17,357,3
17,370,2
17,387,5
17,409,1
17,418,2
17,427,4
17,435,3
17,442,3
18,36,2
18,53,1
18,91,4
18,100,2
18,141,5
18,192,2
18,226,4
18,243,2
18,244,1
18,318,1
18,327,1
18,380,1
18,494,1
19,90,2
19,110,1
19,174,5
19,269,2
19,284,3
19,287,2
19,343,3
19,345,1
19,347,1
19,354,5
19,367,4
19,390,3
19,413,2
19,463,1
20,22,3
20,23,1
20,72,4
20,171,5
20,223,2
20,242,5
20,299,2
20,304,4
20,350,1
20,370,1
20,385,4
20,427,2
20,435,1
20,442,4
21,102,2
21,172,4
21,282,3
21,290,2
21,329,5
21,350,1
21,372,5
21,374,3
21,375,4
21,399,1
21,455,1
21,471,4
21,485,4
21,495,1
22,128,5
22,171,2
22,207,5
22,209,2
22,247,3
22,304,1
22,357,2
22,364,2
22,409,4
22,418,5
22,427,4
22,435,1
22,442,2
23,65,1
23,110,3
23,156,5
23,165,1
23,269,5
23,287,2
23,301,3
23,303,3
23,343,4
23,347,5
23,354,4
23,367,4
23,413,1
24,141,5
24,166,2
24,236,5
24,306,5
24,336,2
24,348,2
24,366,2
24,375,1
24,376,3
24,400,4
24,402,1
24,406,2
24,419,1
24,444,3
25,75,1
25,84,3
25,85,1
25,112,1
25,116,1
25,162,5
25,163,5
25,173,5
25,183,2
25,196,3
25,201,4
25,208,2
25,497,3
26,46,1
26,61,2
26,71,5
26,92,4
26,118,1
26,126,2
26,137,1
26,161,4
26,220,4
26,239,2
26,251,1
26,277,2
26,285,1
26,337,1
27,222,3
27,284,1
27,377,4
27,420,3
27,432,5
27,438,3
27,475,4
27,481,1
27,482,2
27,483,3
27,484,2
27,490,2
27,491,2
27,497,5
28,155,4
28,189,1
28,230,2
28,254,5
28,286,5
28,313,3
28,351,5
28,362,5
28,372,5
28,383,3
28,395,5
28,411,1
28,412,4
29,58,3
29,137,4
29,179,2
29,191,5
29,223,1
29,350,3
29,357,1
29,370,3
29,409,3
29,418,3
29,427,4
29,435,3
29,442,4
30,42,5
30,86,4
30,88,2
30,102,4
30,159,4
30,319,5
30,322,5
30,329,4
30,342,5
30,374,3
30,471,5
30,480,1
30,485,1
30,499,1
31,46,4
31,130,2
31,134,5
31,160,1
31,249,1
31,275,1
31,278,4
31,300,2
31,310,3
31,314,5
31,332,3
31,346,1
31,391,5
31,417,1
32,159,2
32,203,1
32,268,1
32,308,4
32,309,1
32,339,1
32,352,2
32,378,3
32,407,3
32,447,3
32,463,5
32,468,2
32,474,1
32,495,3
33,122,5
33,127,5
33,146,1
33,151,4
33,157,1
33,185,4
33,200,4
33,215,4
33,218,3
33,231,1
33,255,2
33,257,4
33,302,2
33,324,5
34,49,2
34,52,4
34,67,3
34,70,4
34,78,2
34,92,4
34,156,1
34,158,2
34,167,2
34,184,2
34,224,2
34,239,1
34,490,4
35,174,4
35,182,5
35,233,2
35,234,4
35,284,3
35,287,2
35,288,3
35,301,2
35,303,2
35,345,4
35,347,2
35,367,2
35,390,1
35,413,2
36,88,5
36,100,4
36,104,5
36,192,4
36,226,4
36,243,3
36,263,2
36,318,5
36,327,2
36,330,3
36,335,5
36,365,3
36,451,5
37,59,3
37,124,2
37,168,5
37,213,5
37,225,2
37,262,2
37,271,5
37,340,1
37,386,4
37,388,4
37,423,5
37,430,3
37,433,2
37,438,1
38,262,2
38,281,2
38,297,1
38,312,4
38,360,1
38,389,4
38,396,2
38,404,1
38,434,5
38,445,4
38,461,2
38,469,4
38,476,4
38,496,2
39,272,5
39,295,5
39,296,4
39,353,1
39,380,2
39,393,4
39,405,2
39,431,4
39,439,5
39,446,4
39,448,3
39,460,5
39,486,4
39,498,4
40,168,4
40,208,1
40,235,2
40,420,5
40,432,2
40,438,4
40,453,3
40,475,5
40,480,3
40,482,5
40,484,2
40,490,5
40,491,4
40,497,2
41,132,3
41,143,5
41,279,4
41,306,4
41,336,5
41,366,3
41,376,5
41,402,4
41,405,3
41,406,3
41,419,4
41,442,1
41,463,2
41,469,1
42,90,3
42,172,2
42,290,4
42,319,4
42,373,1
42,374,3
42,375,5
42,387,3
42,399,3
42,455,2
42,471,5
42,473,1
42,486,4
43,53,2
43,88,1
43,91,3
43,100,4
43,192,4
43,226,4
43,243,2
43,263,4
43,318,4
43,327,2
43,335,5
43,446,1
43,492,2
44,254,1
44,283,1
44,381,4
44,393,3
44,398,3
44,412,1
44,416,1
44,433,4
44,437,5
44,454,4
44,477,2
44,483,5
44,489,4
44,493,5
45,49,3
45,64,4
45,182,5
45,245,3
45,259,2
45,265,2
45,276,5
45,321,3
45,323,4
45,416,4
45,429,2
45,436,1
45,446,2
45,468,5
46,71,5
46,119,3
46,128,1
46,137,2
46,144,4
46,161,5
46,220,5
46,239,1
46,277,4
46,280,4
46,285,2
46,490,2
47,84,3
47,85,5
47,103,5
47,112,4
47,116,5
47,162,1
47,163,3
47,173,2
47,183,4
47,196,1
47,201,5
47,208,5
47,447,1
47,498,2
48,192,3
48,204,5
48,267,5
48,317,4
48,324,2
48,337,5
48,352,2
48,378,3
48,394,5
48,447,2
48,462,3
48,463,3
48,472,2
48,474,4
49,52,1
49,66,2
49,67,5
49,70,4
49,109,2
49,144,1
49,156,2
49,158,4
49,167,4
49,184,3
49,224,5
50,152,2
50,283,4
50,356,2
50,371,2
50,420,1
50,432,2
50,475,2
50,480,2
50,481,2
50,482,3
50,484,1
50,490,3
50,491,2
50,497,3
51,75,3
51,175,3
51,264,3
51,272,2
51,389,3
51,401,1
51,431,1
51,439,5
51,443,4
51,446,5
51,460,2
51,472,1
51,486,1
51,498,5
52,66,1
52,70,3
52,78,2
52,156,4
52,158,1
52,167,1
52,184,4
52,224,1
52,304,5
52,315,3
52,345,2
53,104,2
53,127,5
53,192,4
53,243,3
53,263,5
53,294,2
53,318,3
53,327,2
53,335,5
53,361,1
53,365,5
53,498,4
54,282,1
54,305,5
54,312,2
54,334,2
54,377,3
54,389,4
54,396,4
54,403,3
54,404,5
54,412,4
54,434,2
54,461,3
54,469,1
54,476,1
54,496,1
55,272,3
55,295,2
55,296,2
55,297,5
55,312,1
55,358,4
55,380,2
55,401,5
55,431,5
55,443,2
55,446,2
55,448,1
55,486,2
55,488,4
55,498,3
56,81,2
56,82,5
56,189,2
56,193,2
56,200,1
56,230,2
56,246,3
56,313,2
56,351,5
56,383,5
56,389,4
56,395,3
56,411,3
56,412,2
56,421,1
57,264,3
57,295,5
57,297,3
57,380,3
57,431,2
57,439,1
57,443,1
57,446,2
57,448,1
57,455,3
57,456,5
57,458,5
57,460,3
57,486,5
57,498,5
58,106,3
58,142,5
58,149,2
58,177,4
58,249,3
58,275,2
58,278,3
58,292,4
58,300,3
58,310,5
58,314,3
58,391,2
58,445,4
59,131,3
59,168,3
59,180,3
59,213,2
59,222,5
59,225,1
59,248,1
59,256,5
59,340,4
59,386,3
59,404,3
59,423,2
59,426,4
59,430,2
60,117,5
60,165,2
60,258,1
60,288,1
60,311,2
60,331,3
60,333,4
60,337,2
60,351,1
60,392,3
60,423,3
60,425,5
60,428,4
60,444,3
60,484,4
61,70,2
61,71,2
61,118,3
61,136,2
61,144,3
61,220,5
61,239,1
61,251,3
61,268,3
61,277,2
61,280,1
61,285,5
61,480,5
62,219,2
62,316,1
62,359,1
62,364,2
62,387,1
62,410,4
62,414,1
62,431,1
62,451,4
62,457,1
62,458,3
62,459,4
62,464,4
62,477,4
62,500,1
63,145,2
63,190,2
63,257,3
63,287,3
63,296,3
63,321,2
63,326,3
63,344,5
63,356,2
63,449,2
63,465,3
63,467,5
63,479,5
63,488,3
63,492,4
64,101,3
64,245,5
64,265,3
64,293,3
64,321,3
64,323,4
64,358,3
64,361,3
64,371,1
64,375,3
64,416,2
64,429,5
64,436,1
65,174,4
65,269,5
65,287,3
65,301,4
65,303,4
65,343,3
65,344,2
65,345,4
65,347,5
65,354,2
65,390,5
65,413,4
65,424,4
65,441,1
66,67,1
66,70,3
66,92,1
66,109,3
66,156,4
66,158,5
66,167,2
66,184,1
66,224,3
66,285,2
66,440,1
66,467,1
67,78,3
67,92,3
67,109,3
67,156,4
67,158,4
67,167,3
67,184,3
67,224,3
67,310,2
67,323,2
67,487,2
67,498,5
68,80,2
68,97,4
68,151,1
68,157,3
68,185,4
68,211,1
68,215,4
68,218,1
68,231,1
68,255,5
68,266,5
68,298,1
68,302,5
68,368,1
68,463,5
69,95,1
69,99,5
69,229,2
69,267,1
69,308,4
69,339,3
69,346,1
69,401,2
69,447,1
69,462,5
69,463,2
69,468,3
69,472,3
69,474,3
69,495,4
70,78,3
70,92,1
70,109,1
70,158,1
70,167,1
70,184,1
70,224,4
70,381,3
70,488,1
71,111,4
71,118,2
71,136,1
71,144,5
71,220,5
71,227,4
71,239,1
71,277,1
71,280,3
71,285,5
71,424,2
71,438,5
72,89,5
72,113,3
72,179,1
72,221,3
72,223,1
72,242,3
72,304,4
72,357,4
72,370,2
72,409,4
72,418,4
72,427,1
72,435,3
72,487,1
73,165,4
73,193,3
73,221,4
73,253,1
73,274,3
73,288,1
73,311,1
73,331,4
73,357,5
73,387,5
73,392,3
73,417,3
73,425,3
73,428,2
73,444,3
74,176,3
74,268,1
74,326,3
74,339,3
74,344,5
74,349,2
74,356,1
74,421,2
74,449,1
74,450,3
74,465,3
74,467,4
74,479,4
74,492,3
75,264,2
75,291,2
75,296,2
75,380,4
75,401,1
75,431,2
75,439,4
75,446,4
75,460,4
75,467,2
75,468,1
75,486,4
75,498,5
76,152,4
76,235,3
76,273,4
76,286,2
76,438,1
76,473,5
76,475,3
76,480,4
76,481,4
76,482,5
76,484,5
76,490,4
76,491,3
76,492,5
76,497,5
77,148,3
77,154,5
77,173,3
77,210,2
77,247,4
77,299,1
77,364,1
77,369,1
77,410,5
77,414,5
77,440,3
77,457,2
77,464,4
77,500,5
78,92,2
78,96,4
78,109,2
78,156,5
78,158,4
78,167,3
78,184,5
78,204,3
78,224,4
78,480,1
79,142,1
79,170,3
79,197,4
79,260,3
79,334,3
79,381,4
79,433,4
79,437,1
79,473,2
79,477,3
79,483,5
79,487,3
79,489,4
79,493,2
79,494,2
80,122,5
80,146,2
80,178,1
80,185,5
80,211,4
80,218,1
80,231,4
80,255,2
80,266,5
80,298,5
80,302,4
80,373,3
80,409,1
80,445,5
81,126,4
81,132,4
81,133,4
81,254,3
81,265,4
81,338,1
81,341,5
81,351,2
81,362,5
81,383,5
81,395,5
81,411,5
81,412,5
82,126,3
82,138,5
82,193,3
82,200,2
82,230,4
82,328,5
82,338,4
82,362,5
82,380,1
82,383,5
82,395,5
82,411,2
82,412,5
83,126,2
83,255,4
83,266,4
83,282,5
83,312,4
83,320,1
83,353,5
83,360,2
83,396,2
83,404,1
83,434,3
83,461,3
83,469,1
83,476,2
83,496,5
84,103,4
84,123,2
84,148,3
84,162,2
84,163,1
84,173,5
84,183,5
84,196,2
84,201,5
84,208,1
84,346,5
84,426,1
85,103,2
85,112,3
85,116,3
85,121,4
85,162,5
85,163,5
85,173,4
85,183,1
85,196,5
85,201,5
85,208,3
85,249,5
85,420,4
86,102,3
86,188,5
86,319,1
86,322,5
86,372,3
86,374,2
86,375,3
86,399,4
86,407,4
86,423,1
86,455,4
86,468,5
86,485,3
86,499,4
87,227,5
87,257,1
87,375,4
87,377,1
87,379,2
87,407,2
87,417,1
87,424,2
87,452,4
87,453,1
87,456,5
87,466,2
87,469,3
87,470,3
87,478,1
88,100,4
88,104,5
88,244,2
88,263,4
88,294,5
88,318,3
88,327,1
88,334,2
88,335,5
88,365,1
88,406,4
89,228,4
89,264,4
89,272,2
89,336,3
89,401,5
89,431,5
89,439,2
89,443,3
89,446,5
89,448,1
89,460,1
89,474,3
89,486,2
89,498,1
90,98,5
90,141,1
90,159,5
90,172,4
90,250,4
90,319,2
90,342,5
90,362,3
90,373,3
90,455,5
90,471,5
90,485,1
90,499,4
91,104,5
91,226,1
91,244,1
91,294,2
91,325,2
91,327,1
91,335,4
91,365,4
91,447,2
91,499,5
92,109,3
92,156,2
92,158,4
92,167,2
92,184,1
92,213,2
92,224,1
92,391,3
93,107,2
93,135,3
93,142,5
93,182,5
93,195,4
93,227,5
93,265,4
93,293,3
93,358,1
93,416,2
93,417,2
93,429,2
93,436,3
93,500,2
94,123,2
94,207,3
94,222,2
94,285,1
94,286,3
94,355,5
94,432,3
94,438,2
94,475,3
94,480,4
94,481,5
94,482,3
94,490,5
94,491,2
94,497,2
95,164,1
95,257,5
95,349,3
95,356,3
95,406,4
95,421,5
95,449,1
95,450,2
95,465,3
95,467,5
95,479,2
95,488,4
95,492,5
96,110,1
96,228,2
96,291,1
96,295,4
96,297,1
96,380,5
96,394,3
96,439,4
96,443,2
96,446,3
96,448,3
96,460,1
96,486,3
96,498,5
97,120,2
97,204,4
97,339,3
97,346,5
97,352,3
97,394,5
97,401,1
97,415,1
97,462,3
97,463,5
97,465,3
97,468,5
97,472,5
97,495,3
98,125,4
98,188,1
98,250,4
98,263,3
98,322,1
98,329,4
98,342,5
98,372,1
98,375,5
98,427,5
98,455,3
98,471,2
98,485,1
98,499,3
99,160,5
99,216,2
99,217,3
99,252,4
99,261,3
99,271,2
99,289,3
99,340,3
99,355,1
99,386,3
99,388,5
99,423,2
99,426,1
99,430,1
100,104,3
100,243,4
100,244,2
100,294,4
100,318,3
100,335,2
100,365,5
100,432,1
100,469,4
101,142,5
101,182,5
101,195,4
101,235,1
101,259,4
101,276,1
101,293,2
101,323,2
101,361,5
101,413,5
101,416,5
101,429,1
101,436,1
101,455,5
102,172,4
102,284,5
102,329,5
102,372,5
102,373,1
102,374,3
102,450,2
102,455,5
102,462,4
102,471,3
102,485,5
102,499,4
103,116,4
103,162,4
103,163,1
103,173,4
103,183,4
103,196,5
103,201,3
103,208,3
103,273,3
103,326,3
103,475,1
104,154,2
104,226,4
104,244,2
104,290,4
104,294,4
104,318,1
104,327,4
104,335,3
104,365,2
104,446,5
105,124,5
105,309,5
105,312,2
105,320,4
105,328,2
105,353,5
105,360,3
105,389,3
105,396,1
105,404,5
105,461,5
105,462,1
105,469,5
105,476,2
105,496,1
106,119,1
106,130,4
106,134,2
106,160,4
106,185,4
106,249,2
106,275,5
106,278,4
106,292,2
106,332,1
106,373,5
106,391,2
106,451,5
107,153,5
107,195,2
107,259,5
107,265,2
107,276,4
107,321,4
107,323,2
107,358,4
107,361,1
107,380,4
107,408,2
107,416,3
107,429,3
107,436,4
108,110,3
108,186,1
108,234,3
108,238,3
108,269,3
108,301,4
108,303,4
108,345,2
108,347,4
108,354,1
108,367,2
108,390,1
108,413,3
108,436,1
108,445,2
109,156,3
109,158,3
109,167,1
109,184,4
109,224,2
109,290,5
109,366,5
109,457,5
110,144,3
110,174,2
110,234,4
110,303,4
110,335,5
110,343,5
110,347,3
110,354,1
110,367,3
110,390,1
110,413,2
111,118,2
111,128,5
111,137,4
111,144,1
111,161,4
111,220,4
111,239,1
111,251,3
111,277,5
111,280,4
111,285,5
111,364,4
111,411,5
111,452,3
112,116,5
112,162,3
112,163,2
112,173,5
112,183,1
112,196,1
112,201,5
112,208,4
112,432,4
112,466,1
112,472,2
113,191,1
113,207,5
113,209,4
113,247,4
113,319,1
113,350,1
113,357,4
113,409,3
113,418,5
113,427,5
113,435,5
113,442,5
113,490,5
114,145,1
114,194,3
114,210,2
114,307,3
114,376,5
114,377,3
114,384,5
114,397,1
114,407,4
114,424,4
114,452,4
114,453,2
114,456,5
114,466,2
114,470,5
114,478,5
115,127,4
115,132,4
115,187,1
115,201,5
115,232,2
115,236,1
115,248,1
115,279,2
115,306,2
115,336,2
115,348,1
115,400,4
115,402,4
115,405,5
115,406,3
115,419,2
116,162,5
116,163,3
116,173,2
116,183,4
116,196,2
116,201,5
116,208,3
116,259,3
116,293,4
116,320,4
117,181,2
117,253,2
117,274,4
117,333,1
117,337,3
117,341,2
117,387,5
117,389,2
117,392,2
117,425,2
117,428,2
117,444,1
117,488,4
117,489,4
118,128,2
118,136,2
118,213,1
118,239,4
118,251,4
118,277,1
118,280,5
118,285,3
118,305,5
118,364,2
118,497,5
119,127,3
119,130,3
119,147,3
119,160,5
119,161,1
119,177,1
119,197,1
119,278,5
119,292,4
119,310,2
119,314,5
119,332,5
119,391,5
119,454,1
120,229,1
120,267,2
120,268,4
120,317,4
120,318,2
120,352,5
120,363,3
120,414,3
120,415,4
120,462,2
120,463,4
120,468,1
120,472,2
120,474,5
120,495,5
121,135,4
121,159,5
121,172,1
121,290,2
121,322,2
121,342,2
121,372,3
121,375,3
121,399,4
121,434,2
121,435,1
121,455,1
121,471,5
121,485,1
121,499,3
122,146,1
122,151,5
122,157,5
122,172,4
122,178,4
122,211,2
122,218,1
122,231,1
122,255,2
122,266,5
122,286,3
122,298,3
122,302,2
122,426,3
123,232,2
123,288,1
123,371,5
123,420,4
123,432,1
123,438,1
123,475,1
123,480,5
123,481,1
123,482,4
123,484,1
123,490,3
123,491,2
123,497,2
124,131,2
124,213,1
124,217,3
124,225,5
124,248,4
124,252,2
124,289,3
124,321,2
124,340,2
124,386,1
124,423,2
124,426,3
124,430,3
124,436,3
125,215,1
125,232,5
125,236,3
125,279,1
125,288,5
125,306,2
125,336,5
125,348,1
125,376,1
125,400,1
125,402,1
125,405,4
125,406,3
125,419,4
126,133,2
126,189,3
126,254,4
126,313,1
126,338,3
126,351,4
126,383,3
126,395,3
126,401,2
126,411,3
126,412,2
126,465,5
127,146,2
127,151,1
127,157,2
127,178,2
127,185,3
127,211,2
127,215,1
127,218,2
127,255,4
127,266,2
127,298,5
127,302,3
128,136,4
128,137,4
128,144,3
128,161,4
128,220,4
128,251,4
128,277,3
128,280,3
128,285,4
128,390,3
128,467,5
129,153,5
129,242,3
129,307,1
129,368,5
129,377,2
129,399,2
129,407,5
129,417,2
129,422,3
129,424,2
129,452,2
129,453,3
129,456,3
129,466,5
129,470,2
129,478,3
130,149,1
130,160,5
130,182,3
130,197,1
130,249,5
130,292,1
130,300,1
130,310,1
130,314,5
130,332,2
130,391,1
130,461,4
130,479,1
131,168,3
131,213,4
131,216,1
131,217,5
131,248,5
131,261,5
131,307,1
131,314,3
131,340,5
131,386,4
131,388,5
131,423,2
131,426,2
131,483,4
132,279,4
132,306,4
132,336,2
132,348,5
132,366,1
132,376,4
132,400,3
132,402,1
132,405,5
132,406,2
132,419,2
132,475,4
132,498,3
133,155,3
133,189,5
133,225,5
133,254,1
133,313,1
133,338,4
133,362,5
133,383,4
133,395,1
133,411,2
133,412,5
133,416,1
133,474,5
134,147,1
134,157,2
134,177,4
134,197,3
134,239,5
134,249,5
134,275,3
134,278,5
134,292,3
134,300,4
134,310,1
134,314,1
134,367,5
134,391,4
135,142,2
135,167,1
135,245,1
135,259,4
135,265,5
135,293,2
135,321,5
135,323,5
135,358,1
135,361,5
135,411,1
135,416,3
135,429,5
135,436,4
136,137,5
136,140,3
136,144,5
136,161,1
136,220,1
136,239,3
136,251,2
136,277,1
136,280,5
136,285,1
136,319,5
136,499,3
137,161,5
137,220,1
137,236,5
137,239,1
137,251,5
137,277,3
137,280,3
137,285,3
137,402,2
138,155,1
138,189,1
138,200,3
138,217,4
138,254,4
138,313,3
138,338,2
138,344,2
138,351,4
138,362,5
138,383,5
138,395,2
138,411,1
138,412,1
138,436,3
139,166,3
139,220,4
139,249,5
139,257,5
139,326,1
139,344,5
139,349,4
139,421,5
139,449,3
139,450,4
139,465,1
139,467,2
139,473,5
139,479,3
139,488,3
139,492,3
140,192,5
140,221,4
140,324,3
140,379,5
140,384,5
140,397,2
140,417,1
140,422,1
140,436,5
140,452,1
140,453,3
140,456,5
140,466,5
140,470,4
140,478,1
141,143,5
141,149,1
141,236,4
141,306,2
141,336,1
141,366,4
141,376,4
141,400,2
141,402,2
141,405,2
141,406,2
141,419,4
142,245,2
142,252,1
142,265,3
142,276,5
142,321,5
142,323,5
142,358,5
142,361,3
142,416,2
142,429,4
142,436,4
143,187,1
143,232,1
143,301,3
143,306,3
143,348,3
143,366,5
143,376,5
143,377,4
143,383,4
143,400,1
143,402,1
143,405,5
143,406,1
143,419,1
144,161,5
144,220,2
144,239,5
144,251,4
144,276,5
144,280,3
144,285,5
145,155,2
145,166,3
145,176,3
145,194,2
145,237,3
145,270,5
145,381,5
145,443,1
145,450,1
145,465,3
145,467,5
145,479,2
145,488,5
145,492,3
146,151,4
146,178,3
146,211,4
146,215,5
146,218,5
146,231,2
146,255,2
146,266,5
146,298,4
146,302,1
146,306,2
146,456,1
147,149,5
147,177,1
147,197,5
147,249,2
147,275,5
147,278,4
147,300,4
147,310,5
147,314,3
147,332,3
147,335,4
147,355,2
147,391,1
147,486,1
148,154,2
148,325,4
148,330,2
148,355,3
148,392,2
148,414,3
148,440,3
148,451,3
148,457,2
148,458,5
148,459,1
148,464,2
148,481,1
148,500,3
149,160,4
149,197,3
149,275,3
149,292,2
149,300,5
149,301,1
149,310,5
149,332,4
149,370,3
149,391,1
149,437,2
150,154,4
150,265,1
150,330,3
150,355,4
150,359,1
150,364,1
150,369,2
150,385,3
150,388,2
150,408,5
150,414,2
150,451,1
150,458,1
150,459,1
150,464,5
151,178,4
151,185,2
151,211,4
151,231,4
151,255,3
151,266,4
151,298,3
151,302,3
151,349,2
151,456,4
151,493,3
152,222,5
152,273,2
152,371,1
152,420,3
152,438,3
152,448,3
152,476,1
152,480,1
152,481,3
152,484,4
152,490,1
152,491,2
152,497,1
153,183,4
153,218,4
153,324,5
153,379,4
153,384,5
153,417,1
153,422,5
153,424,4
153,430,3
153,453,1
153,456,5
153,466,3
153,470,2
153,478,3
154,219,4
154,238,2
154,246,4
154,299,4
154,359,1
154,385,1
154,398,3
154,440,5
154,451,4
154,458,2
154,490,4
154,500,2
155,189,2
155,193,4
155,230,1
155,234,5
155,253,2
155,338,5
155,362,4
155,383,5
155,395,2
155,411,3
155,412,4
155,484,3
156,158,4
156,167,1
156,175,4
156,184,3
156,224,3
156,431,1
157,178,2
157,181,3
157,211,2
157,215,1
157,218,5
157,231,1
157,255,1
157,266,3
157,298,3
157,302,4
157,400,2
158,160,3
158,167,2
158,184,3
158,224,1
158,320,3
158,440,2
158,447,4
159,160,4
159,317,1
159,319,4
159,322,5
159,329,5
159,342,4
159,374,4
159,375,4
159,399,5
159,455,5
159,468,1
159,471,1
159,499,1
160,177,5
160,197,4
160,224,5
160,249,2
160,275,4
160,310,1
160,314,5
160,332,1
160,391,5
161,207,2
161,220,1
161,239,3
161,251,5
161,277,2
161,280,3
161,285,4
161,296,1
162,163,4
162,173,1
162,183,2
162,196,1
162,201,3
162,208,2
162,332,1
162,365,1
162,461,3
163,166,5
163,173,3
163,183,4
163,196,4
163,201,4
163,208,5
163,315,2
163,345,1
164,190,3
164,240,5
164,258,4
164,261,5
164,344,3
164,349,2
164,356,2
164,400,2
164,421,3
164,449,2
164,450,1
164,465,4
164,467,2
164,479,1
164,488,1
164,492,5
165,221,3
165,253,5
165,274,1
165,311,3
165,333,4
165,337,1
165,341,1
165,387,2
165,392,2
165,425,4
165,428,1
165,444,4
165,482,5
166,176,2
166,190,1
166,194,1
166,326,4
166,349,3
166,356,5
166,382,4
166,421,4
166,465,4
166,467,3
166,479,5
166,488,2
166,492,2
167,184,4
167,224,2
167,389,2
167,431,3
168,180,2
168,216,3
168,241,4
168,248,4
168,261,2
168,271,5
168,289,2
168,304,4
168,386,3
168,388,3
168,423,1
168,426,5
168,430,4
169,188,5
169,205,5
169,262,4
169,282,5
169,305,3
169,320,2
169,360,4
169,389,1
169,396,3
169,403,5
169,434,3
169,445,1
169,461,1
169,469,2
169,476,4
169,496,2
170,241,3
170,268,5
170,307,3
170,317,4
170,352,3
170,369,4
170,378,1
170,394,5
170,415,2
170,447,2
170,462,1
170,463,1
170,468,4
170,472,2
170,481,2
170,495,4
171,209,2
171,242,2
171,247,5
171,288,1
171,304,1
171,357,4
171,370,2
171,409,1
171,418,4
171,427,4
171,435,2
171,442,4
171,457,5
171,473,4
171,476,2
172,250,1
172,322,1
172,342,5
172,360,3
172,372,1
172,373,1
172,374,4
172,471,1
172,479,1
172,485,4
172,499,4
173,183,4
173,196,3
173,201,5
173,208,3
173,368,4
173,407,3
174,208,5
174,234,1
174,260,3
174,284,4
174,301,3
174,303,4
174,343,2
174,345,4
174,354,2
174,367,4
174,390,4
174,413,4
175,291,3
175,295,1
175,377,4
175,380,2
175,393,3
175,401,4
175,425,4
175,431,2
175,439,5
175,443,4
175,446,4
175,448,3
175,460,5
175,486,3
175,498,1
176,237,3
176,257,2
176,321,2
176,322,1
176,356,4
176,365,3
176,441,2
176,449,4
176,450,2
176,465,5
176,467,3
176,479,2
176,488,4
176,492,3
177,191,1
177,197,4
177,275,5
177,278,1
177,292,5
177,300,1
177,310,1
177,311,3
177,314,1
177,332,5
177,391,2
178,185,4
178,211,1
178,215,4
178,218,2
178,255,5
178,266,3
178,298,5
178,302,4
178,339,3
178,343,3
178,429,1
179,191,1
179,209,1
179,242,5
179,304,5
179,348,4
179,357,3
179,370,1
179,379,3
179,395,4
179,409,2
179,418,3
179,427,1
179,435,2
179,442,1
179,449,1
180,186,4
180,214,5
180,217,3
180,252,1
180,271,1
180,282,4
180,289,3
180,340,5
180,386,2
180,388,3
180,404,2
180,423,3
180,426,5
180,430,4
180,488,3
181,251,5
181,253,5
181,258,4
181,331,2
181,333,2
181,341,4
181,372,4
181,387,1
181,392,5
181,410,5
181,425,2
181,428,2
181,444,3
182,190,3
182,245,4
182,259,4
182,265,2
182,276,4
182,323,2
182,341,1
182,358,3
182,361,4
182,416,4
182,429,3
182,436,1
183,196,1
183,201,1
183,208,3
183,234,3
183,313,4
184,224,3
184,271,5
184,413,1
185,211,5
185,215,3
185,218,1
185,231,3
185,255,1
185,266,1
185,298,3
185,302,2
185,346,5
185,478,4
186,234,5
186,246,3
186,269,1
186,284,1
186,287,2
186,303,5
186,343,2
186,345,1
186,347,1
186,354,4
186,367,1
186,390,5
186,404,3
186,413,1
186,450,3
187,193,5
187,232,4
187,279,2
187,306,2
187,307,2
187,336,4
187,348,1
187,366,1
187,376,5
187,400,1
187,402,2
187,405,5
187,406,2
187,419,1
187,490,3
188,290,4
188,322,5
188,342,4
188,361,1
188,372,4
188,373,3
188,374,1
188,375,1
188,401,4
188,417,1
188,455,4
188,471,5
188,485,2
188,499,1
189,193,5
189,200,4
189,201,1
189,240,3
189,313,3
189,338,5
189,351,5
189,364,3
189,383,3
189,395,1
189,411,3
190,198,3
190,214,3
190,257,5
190,326,5
190,334,3
190,421,3
190,449,2
190,450,3
190,465,1
190,467,2
190,479,2
190,488,2
190,492,5
191,207,3
191,209,5
191,223,4
191,247,3
191,278,3
191,350,2
191,357,3
191,370,3
191,418,1
191,427,2
191,435,1
191,442,2
191,477,4
192,243,5
192,244,5
192,263,4
192,294,1
192,350,5
192,352,3
192,365,1
193,200,3
193,230,4
193,254,3
193,313,5
193,338,1
193,351,1
193,362,5
193,383,4
193,411,3
193,412,2
193,452,3
194,257,2
194,270,5
194,336,5
194,356,2
194,371,1
194,421,3
194,429,3
194,449,1
194,450,5
194,465,2
194,467,1
194,479,5
194,488,3
194,492,2
195,201,2
195,206,1
195,265,1
195,276,1
195,293,2
195,321,2
195,323,5
195,358,4
195,361,4
195,392,3
195,416,3
195,429,1
195,436,2
196,201,3
196,208,4
196,269,5
196,347,3
196,397,4
197,224,2
197,249,2
197,278,3
197,300,3
197,314,4
197,332,3
197,391,2
197,401,3
197,441,1
198,237,3
198,257,1
198,326,3
198,344,4
198,349,4
198,350,5
198,356,1
198,421,5
198,430,2
198,449,4
198,450,2
198,465,3
198,479,5
198,488,3
198,492,1
198,500,2
199,231,5
199,247,2
199,262,2
199,282,3
199,305,1
199,309,5
199,320,4
199,360,2
199,403,5
199,434,1
199,445,4
199,453,5
199,461,3
199,464,2
199,469,4
199,476,1
199,496,4
200,230,1
200,311,4
200,313,5
200,327,5
200,351,5
200,362,5
200,383,1
200,395,5
200,398,4
200,411,4
200,412,4
201,208,2
202,244,1
202,256,4
202,315,4
202,323,2
202,328,3
202,334,3
202,363,4
202,388,1
202,398,3
202,441,2
202,454,2
202,473,3
202,477,2
202,487,2
202,489,3
202,493,3
202,494,5
203,241,4
203,243,2
203,251,5
203,267,4
203,308,5
203,339,1
203,346,3
203,352,4
203,378,1
203,447,5
203,462,5
203,463,2
203,468,4
203,472,1
203,474,2
203,499,3
204,241,1
204,249,4
204,317,2
204,378,2
204,394,5
204,415,5
204,442,4
204,447,5
204,462,5
204,463,3
204,468,5
204,472,4
204,474,2
204,495,3
205,209,2
205,233,4
205,286,5
205,332,3
205,420,1
205,432,1
205,438,3
205,475,2
205,480,1
205,481,5
205,482,1
205,484,3
205,490,4
205,491,1
205,497,1
206,214,1
206,238,4
206,325,4
206,334,5
206,355,3
206,359,2
206,364,2
206,408,5
206,410,5
206,422,3
206,440,2
206,451,2
206,457,2
206,458,1
206,459,2
206,464,4
206,500,3
207,209,2
207,223,5
207,229,1
207,247,3
207,350,2
207,357,1
207,388,1
207,409,1
207,418,4
207,427,2
207,435,3
207,442,5
208,263,3
208,418,3
209,247,3
209,268,3
209,350,4
209,357,4
209,370,3
209,409,2
209,418,2
209,427,3
209,435,2
209,442,5
209,466,3
210,219,1
210,299,3
210,316,1
210,330,5
210,369,1
210,385,2
210,408,3
210,410,3
210,441,5
210,451,3
210,457,1
210,458,2
210,459,4
210,460,5
210,464,2
210,500,2
211,215,1
211,228,1
211,231,2
211,261,5
211,266,1
211,298,5
211,302,4
211,352,5
211,435,5
212,281,2
212,296,4
212,307,1
212,324,2
212,360,5
212,377,4
212,379,2
212,397,3
212,417,3
212,422,2
212,424,4
212,452,3
212,453,2
212,456,5
212,460,4
212,466,3
212,470,2
212,478,2
213,217,4
213,225,1
213,248,1
213,252,1
213,271,4
213,289,3
213,386,2
213,388,2
213,423,4
213,426,1
213,430,1
213,442,2
214,217,1
214,225,2
214,248,1
214,252,2
214,261,1
214,271,5
214,289,4
214,340,3
214,386,2
214,388,1
214,397,2
214,423,1
214,426,4
214,430,5
214,493,4
215,218,2
215,231,4
215,255,4
215,266,1
215,298,2
215,302,5
215,424,2
215,427,1
215,458,5
216,217,1
216,223,5
216,248,3
216,252,2
216,261,3
216,271,3
216,289,5
216,340,3
216,386,1
216,388,5
216,423,3
216,426,2
216,430,1
216,437,1
216,494,3
217,225,5
217,261,4
217,340,2
217,386,5
217,388,1
217,423,3
217,426,5
217,430,5
217,451,3
217,452,4
218,255,3
218,266,4
218,298,3
218,302,1
218,316,5
218,375,1
218,466,4
219,239,1
219,246,4
219,299,1
219,355,1
219,364,2
219,369,4
219,408,4
219,414,3
219,420,2
219,451,2
219,457,4
219,459,1
219,464,4
219,492,3
219,500,3
220,239,1
220,251,1
220,277,2
220,280,2
220,285,2
220,472,2
220,491,1
221,245,1
221,258,2
221,274,3
221,288,3
221,331,4
221,333,1
221,341,3
221,387,4
221,392,1
221,425,5
221,428,2
221,444,2
221,489,3
222,286,4
222,354,1
222,420,4
222,432,4
222,438,1
222,475,3
222,480,5
222,481,1
222,482,4
222,484,3
222,490,2
222,491,1
222,497,3
223,242,4
223,304,4
223,350,5
223,369,1
223,370,1
223,371,5
223,386,4
223,409,3
223,418,1
223,427,4
223,435,2
223,442,3
224,299,4
224,459,2
225,248,5
225,252,3
225,271,5
225,294,1
225,340,1
225,369,4
225,386,2
225,388,4
225,423,4
225,426,4
225,430,3
226,235,2
226,243,2
226,263,1
226,294,3
226,318,2
226,327,1
226,335,2
226,365,5
226,418,2
226,484,3
227,281,5
227,307,5
227,379,3
227,384,2
227,397,1
227,407,2
227,422,1
227,424,1
227,452,4
227,453,2
227,456,4
227,466,1
227,469,5
227,470,2
227,478,2
228,229,3
228,237,5
228,272,3
228,291,5
228,296,2
228,297,2
228,347,1
228,431,5
228,439,5
228,443,1
228,446,1
228,448,5
228,460,3
228,486,2
228,498,1
229,241,2
229,268,5
229,293,3
229,339,2
229,352,5
229,394,2
229,415,5
229,447,5
229,460,2
229,462,2
229,463,3
229,468,5
229,474,3
229,495,1
230,313,2
230,338,4
230,341,1
230,350,4
230,351,1
230,362,3
230,383,2
230,395,2
230,411,5
230,412,3
230,462,2
231,255,5
231,266,5
231,298,1
231,302,1
231,316,1
231,402,3
231,463,4
232,236,4
232,272,5
232,279,1
232,283,3
232,336,4
232,348,5
232,376,4
232,400,3
232,402,2
232,405,3
232,406,1
232,419,1
232,496,3
233,235,3
233,275,4
233,371,2
233,386,4
233,413,3
233,420,2
233,432,2
233,475,3
233,480,2
233,481,5
233,482,5
233,484,3
233,490,2
233,491,1
233,497,1
234,279,5
234,284,5
234,301,3
234,303,1
234,345,2
234,347,5
234,354,3
234,367,2
234,390,5
234,413,3
234,474,5
235,371,5
235,420,4
235,421,2
235,432,4
235,438,2
235,475,5
235,480,5
235,481,2
235,482,3
235,484,4
235,490,3
235,491,5
235,497,4
236,281,5
236,336,3
236,348,2
236,366,5
236,376,5
236,400,5
236,402,2
236,405,4
236,419,1
236,444,5
236,464,2
237,270,4
237,306,1
237,326,1
237,344,1
237,356,1
237,394,1
237,449,2
237,450,4
237,465,4
237,467,4
237,469,5
237,475,5
237,479,4
237,488,2
237,492,2
238,299,5
238,305,2
238,312,2
238,316,4
238,325,1
238,355,3
238,359,3
238,364,5
238,385,4
238,408,5
238,440,2
238,451,1
238,458,5
238,464,1
238,476,5
238,500,5
239,251,3
239,277,5
239,280,5
239,459,1
240,282,3
240,305,1
240,309,5
240,353,5
240,360,1
240,371,1
240,389,4
240,396,5
240,403,5
240,404,2
240,434,5
240,445,5
240,461,5
240,469,4
240,476,2
240,496,1
241,268,2
241,308,4
241,317,5
241,346,2
241,415,5
241,447,4
241,459,4
241,462,4
241,463,4
241,468,4
241,472,2
241,474,1
241,495,2
242,245,4
242,247,1
242,304,5
242,350,2
242,357,1
242,370,5
242,409,1
242,418,1
242,427,3
242,435,2
242,442,5
242,479,1
242,491,1
243,244,2
243,263,4
243,280,5
243,294,2
243,327,4
243,335,2
243,365,4
244,263,3
244,308,5
244,318,5
244,327,2
244,335,2
244,353,2
244,365,1
244,492,1
245,259,2
245,276,3
245,293,2
245,321,1
245,358,5
245,361,2
245,385,3
245,404,1
245,416,2
245,429,4
245,436,1
246,289,5
246,316,5
246,330,4
246,385,5
246,408,4
246,410,3
246,414,2
246,419,1
246,433,4
246,440,3
246,457,1
246,458,1
246,459,2
246,464,3
246,500,3
247,304,3
247,350,4
247,357,2
247,370,1
247,409,1
247,418,4
247,435,2
247,442,1
248,261,1
248,340,2
248,386,5
248,388,5
248,423,5
248,426,1
248,430,4
248,441,4
248,462,3
248,495,2
249,292,4
249,300,1
249,310,5
249,314,1
249,332,5
249,391,4
249,425,5
250,290,1
250,319,4
250,329,4
250,331,1
250,342,2
250,348,4
250,373,1
250,374,5
250,375,5
250,399,3
250,448,5
250,455,4
250,481,3
250,485,3
250,499,5
251,277,1
251,280,4
251,285,2
251,429,5
251,478,5
252,261,3
252,271,1
252,289,5
252,327,3
252,340,3
252,371,4
252,386,2
252,423,3
252,426,5
252,430,1
252,478,1
253,258,4
253,288,3
253,311,3
253,331,1
253,337,2
253,341,1
253,344,4
253,387,5
253,392,3
253,411,5
253,425,5
253,428,1
253,444,1
254,313,5
254,338,2
254,351,2
254,353,1
254,362,4
254,383,1
254,390,4
254,395,2
254,411,1
254,412,2
254,466,2
255,298,2
255,302,3
255,323,1
255,409,4
255,431,2
256,273,2
256,368,2
256,381,4
256,393,4
256,398,2
256,416,1
256,420,2
256,433,4
256,441,3
256,454,3
256,473,4
256,477,5
256,483,5
256,487,3
256,489,3
256,493,4
256,494,3
257,259,2
257,270,5
257,349,5
257,421,1
257,449,2
257,465,4
257,467,3
257,485,5
257,488,4
257,492,1
258,288,5
258,311,3
258,331,1
258,333,1
258,337,4
258,341,4
258,379,3
258,387,2
258,392,2
258,425,5
258,427,5
258,444,4
259,265,1
259,276,2
259,321,1
259,324,2
259,358,2
259,361,5
259,369,1
259,416,1
259,429,4
259,436,3
260,273,3
260,306,2
260,328,1
260,334,1
260,363,5
260,381,2
260,417,1
260,433,1
260,437,3
260,441,5
260,454,2
260,457,2
260,483,5
260,487,3
260,489,4
260,493,4
260,494,5
261,271,5
261,289,5
261,359,3
261,386,5
261,388,1
261,423,2
261,426,2
261,427,4
261,430,5
262,274,2
262,282,3
262,312,1
262,320,5
262,353,4
262,389,5
262,403,3
262,404,4
262,434,3
262,442,3
262,445,5
262,461,4
262,469,2
262,476,4
262,496,3
263,272,5
263,294,3
263,318,4
263,327,3
263,365,5
263,450,1
264,291,4
264,292,2
264,296,3
264,335,4
264,344,2
264,380,3
264,401,5
264,431,4
264,439,5
264,443,3
264,448,4
264,460,5
264,485,1
264,486,4
264,498,2
265,293,5
265,321,5
265,345,1
265,358,4
265,361,2
265,416,5
265,429,3
265,436,3
266,298,2
266,302,1
266,315,5
266,341,1
266,433,2
267,268,5
267,285,4
267,308,3
267,339,5
267,352,1
267,378,3
267,394,3
267,415,5
267,422,5
267,462,4
267,463,2
267,468,3
267,474,1
267,495,4
267,497,5
268,302,2
268,308,2
268,346,2
268,394,1
268,415,5
268,447,4
268,462,3
268,472,4
268,474,1
268,495,1
269,284,2
269,287,1
269,301,3
269,343,4
269,345,1
269,347,2
269,354,1
269,366,3
269,367,4
269,390,1
269,413,3
269,426,4
269,430,5
270,326,2
270,337,2
270,344,5
270,349,3
270,356,4
270,372,4
270,421,5
270,449,3
270,450,4
270,467,5
270,479,5
270,481,5
270,488,4
270,492,5
270,500,5
271,289,1
271,340,2
271,388,3
271,423,5
271,426,2
271,430,3
271,478,4
271,500,1
272,296,3
272,297,4
272,401,2
272,431,1
272,434,2
272,443,3
272,446,5
272,448,1
272,460,2
272,486,3
272,496,3
272,498,4
273,274,1
273,334,2
273,363,5
273,368,5
273,381,1
273,382,2
273,393,2
273,398,1
273,437,3
273,441,2
273,473,3
273,487,1
273,489,3
273,494,5
274,288,2
274,311,1
274,331,1
274,333,4
274,337,2
274,387,4
274,395,2
274,425,3
274,428,4
274,444,2
274,476,1
275,278,5
275,292,1
275,300,4
275,310,1
275,314,4
275,332,5
275,391,4
275,396,4
275,410,4
275,485,1
276,293,1
276,298,3
276,321,2
276,323,3
276,358,2
276,396,3
276,405,3
276,416,4
276,429,4
276,436,5
277,280,2
277,285,3
277,358,1
277,399,5
277,420,5
277,465,3
278,292,5
278,300,1
278,310,5
278,314,2
278,329,5
278,332,3
278,345,5
278,391,5
278,478,1
279,336,5
279,348,2
279,353,1
279,357,1
279,366,5
279,376,2
279,393,5
279,400,5
279,402,3
279,405,5
279,406,3
279,419,3
280,285,1
280,314,3
280,322,3
280,397,5
281,324,4
281,377,5
281,379,5
281,384,1
281,392,1
281,397,3
281,407,2
281,417,1
281,422,4
281,424,2
281,437,1
281,452,3
281,456,1
281,466,3
281,470,4
281,478,3
282,283,5
282,305,3
282,312,4
282,320,1
282,396,4
282,398,4
282,403,3
282,445,4
282,461,2
282,469,5
282,476,4
282,496,4
283,328,2
283,363,4
283,368,2
283,381,2
283,398,5
283,415,2
283,433,5
283,437,5
283,441,4
283,454,2
283,473,1
283,483,2
283,487,3
283,489,1
283,493,4
283,494,5
284,287,3
284,291,4
284,301,5
284,303,2
284,343,1
284,345,4
284,347,4
284,354,5
284,355,4
284,367,4
284,390,3
284,413,3
285,368,1
286,289,1
286,371,4
286,402,2
286,420,5
286,432,3
286,438,5
286,475,1
286,480,2
286,481,1
286,482,4
286,484,5
286,490,4
286,491,4
286,497,3
287,294,3
287,301,4
287,303,5
287,343,5
287,344,3
287,345,1
287,347,2
287,354,5
287,367,4
287,390,2
287,413,1
287,449,4
288,311,4
288,331,3
288,333,3
288,337,3
288,341,2
288,392,4
288,425,1
288,428,5
288,444,1
289,340,1
289,353,5
289,386,1
289,388,4
289,423,2
289,426,3
289,430,1
289,465,3
290,322,2
290,329,3
290,342,2
290,372,3
290,373,4
290,375,3
290,399,2
290,455,5
290,471,1
290,485,5
290,494,2
290,499,2
291,295,5
291,297,3
291,332,5
291,380,3
291,401,2
291,424,2
291,431,3
291,439,3
291,446,1
291,448,3
291,460,5
291,473,2
291,486,3
291,498,4
292,300,3
292,310,5
292,314,2
292,332,3
292,337,5
292,391,3
292,449,5
292,486,2
293,321,5
293,323,5
293,358,3
293,361,4
293,416,3
293,429,3
293,436,3
293,459,1
293,460,1
294,318,5
294,327,2
294,335,5
294,365,1
294,408,5
294,454,5
295,296,2
295,302,1
295,309,4
295,380,5
295,401,1
295,415,3
295,439,2
295,443,1
295,446,2
295,448,1
295,454,3
295,460,4
295,486,2
295,498,2
296,297,1
296,351,5
296,401,3
296,431,4
296,439,3
296,443,5
296,446,3
296,460,3
296,486,3
296,498,4
297,329,4
297,380,5
297,401,3
297,428,2
297,435,3
297,439,4
297,443,3
297,446,5
297,448,2
297,460,2
297,486,1
297,498,4
298,302,4
298,307,4
298,395,2
298,458,1
299,316,5
299,324,3
299,325,5
299,330,2
299,343,1
299,359,1
299,364,2
299,385,4
299,410,2
299,414,1
299,440,4
299,464,4
299,500,5
300,303,5
300,310,3
300,332,3
300,391,3
300,423,5
300,448,2
300,497,5
301,308,4
301,343,4
301,345,1
301,347,4
301,354,2
301,365,3
301,367,1
301,390,3
301,413,5
302,306,2
302,354,4
303,339,1
303,343,4
303,345,2
303,347,4
303,354,2
303,367,3
303,390,5
303,409,5
303,413,3
303,439,5
304,350,2
304,357,1
304,370,2
304,371,4
304,409,1
304,418,1
304,427,3
304,435,1
304,442,4
304,489,4
305,309,4
305,315,5
305,353,2
305,389,4
305,396,2
305,403,1
305,404,4
305,434,4
305,445,3
305,448,1
305,461,5
305,469,5
305,476,1
305,496,4
306,329,4
306,336,2
306,366,3
306,376,1
306,400,4
306,405,1
306,406,3
306,419,4
307,377,4
307,384,1
307,397,5
307,407,3
307,417,3
307,422,4
307,424,1
307,452,4
307,453,1
307,456,3
307,466,1
307,470,2
307,478,3
308,310,5
308,317,5
308,339,4
308,352,1
308,378,1
308,409,4
308,415,1
308,447,4
308,462,3
308,463,4
308,468,5
308,472,1
308,495,2
309,320,2
309,353,2
309,360,1
309,389,2
309,396,4
309,403,1
309,404,1
309,434,2
309,445,3
309,461,1
309,469,1
309,470,3
309,476,4
309,496,2
310,314,1
310,332,5
310,366,5
310,391,2
310,498,3
311,313,2
311,331,2
311,337,2
311,341,5
311,387,1
311,392,3
311,422,2
311,425,2
311,428,3
311,444,2
312,320,3
312,353,3
312,385,1
312,389,4
312,396,5
312,403,3
312,422,2
312,434,5
312,445,5
312,461,5
312,469,2
312,476,4
312,496,4
313,338,3
313,351,2
313,362,3
313,383,3
313,395,3
313,411,4
313,412,2
313,473,4
313,480,1
314,322,3
314,332,2
314,391,5
314,499,4
315,363,2
315,368,3
315,381,4
315,382,2
315,393,5
315,433,2
315,437,3
315,441,5
315,454,4
315,471,1
315,473,4
315,477,2
315,483,4
315,487,5
315,493,3
315,494,1
316,325,3
316,355,1
316,364,4
316,369,5
316,385,2
316,408,4
316,410,1
316,414,4
316,451,3
316,457,5
316,460,2
316,464,5
316,469,1
316,500,3
317,346,5
317,352,5
317,378,1
317,382,1
317,394,1
317,415,2
317,422,1
317,462,4
317,463,1
317,468,1
317,472,4
317,474,4
317,482,2
317,495,5
318,327,2
318,335,2
318,365,4
318,382,4
318,425,3
319,320,1
319,322,3
319,342,3
319,372,2
319,373,3
319,374,5
319,399,2
319,455,4
319,471,3
319,475,1
319,485,5
319,499,5
320,331,5
320,353,5
320,360,5
320,404,3
320,434,1
320,445,5
320,461,3
320,469,3
320,476,1
320,496,1
321,323,5
321,358,3
321,361,2
321,416,2
321,419,3
321,429,1
321,436,5
322,372,3
322,373,5
322,374,2
322,375,3
322,392,5
322,455,2
322,471,5
322,485,3
322,499,1
323,358,1
323,361,2
323,416,5
323,429,5
323,436,4
323,441,4
324,384,5
324,389,4
324,397,2
324,407,2
324,417,2
324,422,5
324,424,3
324,452,2
324,453,4
324,456,3
324,466,4
324,470,5
324,478,2
325,330,1
325,355,3
325,359,1
325,409,2
325,410,4
325,414,1
325,440,1
325,451,3
325,454,5
325,457,2
325,458,3
325,459,5
325,464,5
325,498,1
325,500,5
326,344,5
326,349,2
326,406,2
326,421,5
326,450,3
326,465,5
326,467,4
326,479,5
326,481,3
326,486,3
326,488,1
326,492,4
327,365,5
327,381,2
327,458,5
328,334,2
328,363,2
328,368,3
328,382,5
328,399,3
328,405,2
328,437,2
328,441,1
328,454,4
328,473,5
328,477,2
328,483,1
328,487,4
328,489,1
328,493,3
328,494,3
329,342,3
329,372,3
329,374,4
329,375,4
329,399,2
329,455,3
329,471,3
329,484,2
329,485,3
329,499,4
330,355,2
330,359,3
330,369,3
330,385,5
330,403,4
330,408,1
330,410,2
330,425,3
330,457,3
330,458,2
330,459,5
330,464,3
330,489,4
330,500,3
331,333,2
331,337,4
331,341,1
331,387,2
331,425,3
331,428,4
331,444,5
331,497,3
331,499,3
332,391,4
332,426,5
333,337,5
333,341,5
333,374,2
333,387,5
333,392,4
333,425,1
333,428,1
333,444,4
333,447,5
334,382,5
334,398,4
334,433,2
334,437,1
334,441,3
334,454,3
334,473,5
334,477,4
334,483,2
334,487,1
334,489,1
334,493,1
334,494,4
335,365,5
335,375,1
335,493,3
336,348,4
336,366,4
336,370,2
336,376,5
336,400,4
336,402,3
336,405,4
336,406,3
336,419,4
337,341,1
337,387,5
337,392,4
337,425,2
337,428,4
337,444,2
338,351,4
338,362,5
338,383,4
338,395,2
338,412,3
338,417,4
338,435,1
338,470,5
338,483,5
338,491,1
339,346,4
339,364,1
339,378,3
339,394,5
339,415,3
339,442,3
339,447,3
339,448,3
339,468,2
339,472,3
339,474,4
339,495,5
340,365,2
340,388,4
340,423,4
340,426,1
340,430,2
340,439,1
340,466,3
340,477,4
341,387,4
341,425,1
341,428,2
341,438,1
341,444,4
342,343,5
342,372,1
342,373,3
342,379,2
342,399,5
342,408,1
342,470,2
342,485,5
342,495,4
342,499,2
343,345,1
343,347,4
343,354,1
343,361,4
343,367,3
343,390,2
343,393,4
343,413,3
344,349,4
344,356,3
344,421,1
344,449,4
344,450,5
344,467,5
344,479,2
344,488,4
344,492,5
345,347,1
345,354,2
345,367,1
345,390,5
345,413,3
346,352,5
346,355,3
346,366,2
346,394,4
346,415,1
346,447,2
346,462,3
346,463,3
346,468,3
346,472,1
346,474,5
346,495,3
347,354,1
347,390,4
347,413,1
347,428,1
347,476,5
348,366,3
348,376,2
348,400,2
348,402,2
348,405,5
348,406,3
348,419,4
348,439,1
348,474,3
349,391,3
349,421,5
349,433,5
349,449,5
349,450,5
349,465,5
349,467,3
349,479,5
349,488,2
349,492,2
350,370,2
350,409,1
350,418,1
350,427,4
350,435,5
350,442,4
350,496,1
351,362,4
351,383,2
351,393,2
351,395,1
351,411,1
351,412,4
351,485,1
352,394,4
352,447,1
352,463,3
352,468,4
352,472,2
352,474,4
352,487,4
352,495,1
352,496,4
353,360,1
353,389,1
353,403,1
353,404,2
353,434,5
353,445,3
353,461,4
353,469,1
353,476,3
353,496,5
354,367,2
354,390,1
354,401,3
354,413,2
355,359,5
355,385,3
355,408,5
355,410,4
355,414,4
355,440,4
355,451,3
355,457,1
355,459,1
355,500,2
356,367,2
356,414,5
356,421,3
356,449,2
356,450,4
356,465,5
356,467,5
356,479,4
356,488,4
356,491,3
356,492,1
357,360,3
357,370,1
357,386,2
357,409,2
357,418,1
357,427,3
357,435,5
357,442,1
358,361,4
358,398,1
358,416,2
358,429,2
358,436,2
358,482,1
359,364,3
359,369,4
359,385,3
359,400,2
359,408,3
359,410,2
359,436,4
359,440,3
359,446,2
359,451,2
359,455,1
359,458,5
359,459,2
360,389,4
360,396,1
360,403,4
360,404,2
360,416,3
360,434,1
360,445,3
360,461,3
360,469,5
360,476,5
360,496,4
361,395,5
361,416,1
361,429,5
361,436,2
361,477,1
362,368,2
362,377,1
362,383,2
362,385,4
362,395,5
362,411,4
362,412,4
362,428,1
363,368,5
363,381,2
363,382,4
363,393,2
363,407,5
363,433,5
363,437,1
363,441,2
363,443,5
363,444,4
363,454,2
363,477,1
363,483,2
363,487,5
363,493,4
363,494,1
364,408,5
364,410,3
364,414,4
364,440,4
364,451,2
364,457,1
364,458,3
364,459,1
364,500,3
366,376,5
366,400,2
366,402,2
366,405,1
366,406,2
366,419,2
366,471,3
367,378,2
367,390,5
367,413,5
367,414,2
367,455,5
368,382,3
368,393,3
368,398,3
368,433,3
368,437,3
368,441,1
368,473,3
368,477,4
368,483,2
368,489,2
368,493,4
368,494,2
369,385,5
369,392,1
369,408,5
369,410,3
369,414,3
369,440,1
369,451,1
369,457,4
369,458,1
369,459,3
369,464,4
369,500,4
370,409,2
370,418,4
370,419,4
370,427,1
370,435,2
370,442,5
370,458,4
371,420,2
371,432,3
371,438,5
371,475,2
371,480,4
371,481,2
371,482,3
371,484,1
371,490,3
371,491,1
371,497,4
372,373,3
372,375,2
372,399,2
372,455,5
372,468,1
372,471,5
372,485,5
372,499,2
373,374,2
373,375,1
373,378,4
373,399,2
373,419,4
373,455,3
373,471,2
373,485,5
373,499,5
374,399,5
374,408,2
374,455,2
374,459,5
374,471,3
374,485,5
374,489,1
374,495,5
374,499,3
375,399,2
375,471,3
375,485,1
375,499,1
376,400,3
376,402,1
376,405,3
376,406,4
376,411,5
376,419,2
376,482,2
376,496,5
377,379,1
377,384,4
377,397,1
377,407,5
377,417,4
377,422,2
377,424,4
377,452,4
377,453,2
377,466,5
377,470,5
377,478,5
378,380,1
378,394,5
378,415,4
378,430,2
378,447,2
378,462,1
378,463,1
378,468,1
378,472,1
378,474,3
378,493,4
378,495,1
379,384,5
379,397,5
379,407,1
379,417,2
379,422,1
379,424,5
379,437,4
379,452,4
379,453,4
379,456,3
379,466,2
379,470,5
379,478,3
380,401,2
380,431,5
380,439,1
380,443,1
380,446,2
380,448,5
380,460,5
380,477,1
380,486,1
380,498,1
381,393,1
381,403,5
381,433,1
381,441,4
381,453,1
381,454,5
381,473,5
381,477,1
381,483,3
381,487,5
381,489,2
381,493,2
381,494,2
382,393,1
382,398,4
382,433,2
382,437,4
382,441,1
382,454,2
382,456,1
382,471,3
382,473,2
382,477,5
382,483,4
382,487,1
382,489,5
382,493,5
382,494,4
383,395,1
383,397,4
383,400,4
383,411,1
383,412,2
383,495,4
384,386,1
384,388,3
384,390,2
384,407,4
384,417,3
384,422,3
384,424,3
384,449,5
384,452,1
384,453,1
384,454,1
384,456,1
384,466,4
384,470,2
384,478,3
385,414,1
385,440,4
385,451,5
385,457,5
385,458,5
385,459,3
385,464,3
385,482,2
385,500,5
386,388,1
386,408,5
386,426,1
386,430,3
387,392,3
387,425,4
387,428,1
387,444,4
387,472,5
388,423,4
388,426,4
388,429,1
388,430,4
389,403,1
389,404,2
389,434,2
389,445,3
389,461,4
389,469,1
389,476,5
389,496,1
390,413,4
390,432,5
390,496,4
391,411,5
391,462,3
392,425,2
392,428,4
392,444,4
393,398,2
393,433,5
393,437,5
393,441,4
393,454,3
393,473,5
393,477,4
393,483,1
393,487,5
393,489,2
393,493,3
394,398,3
394,433,4
394,436,4
394,447,3
394,462,5
394,463,1
394,468,5
394,472,5
394,474,1
394,495,3
395,411,5
395,412,1
396,403,3
396,404,5
396,434,4
396,437,4
396,445,3
396,456,5
396,461,2
396,469,1
396,476,3
396,488,1
396,496,5
397,407,1
397,417,1
397,422,2
397,424,5
397,452,3
397,453,4
397,456,1
397,466,5
397,470,2
397,478,3
398,433,2
398,437,1
398,454,4
398,473,1
398,477,1
398,483,2
398,487,2
398,489,3
398,493,2
398,494,5
399,403,5
399,421,2
399,455,2
399,471,5
399,485,4
399,499,4
400,402,5
400,405,3
400,406,3
400,419,2
400,500,4
401,431,2
401,439,2
401,443,3
401,446,3
401,448,1
401,486,3
401,498,2
402,405,4
402,406,2
402,419,5
402,471,2
402,482,4
403,404,5
403,405,1
403,434,4
403,445,4
403,461,5
403,469,1
403,476,5
403,483,5
403,496,5
404,434,2
404,445,3
404,461,4
404,469,1
404,476,2
404,496,2
405,406,4
405,419,4
405,470,4
406,410,4
406,419,3
406,486,1
407,417,3
407,422,4
407,424,3
407,434,1
407,452,3
407,453,4
407,456,3
407,466,5
407,470,2
407,478,2
408,410,4
408,414,2
408,440,2
408,451,3
408,457,2
408,458,1
408,459,1
408,500,4
409,418,3
409,427,2
409,435,5
409,442,5
410,440,2
410,457,4
410,458,1
410,459,4
410,464,4
410,488,5
410,491,2
410,500,5
411,412,5
412,415,3
412,418,3
412,478,5
413,416,3
413,431,5
414,440,3
414,451,4
414,457,3
414,459,2
414,464,2
414,484,2
414,500,5
415,446,5
415,447,4
415,455,2
415,462,4
415,463,4
415,468,4
415,472,3
415,474,2
415,495,3
416,429,3
416,436,1
417,422,4
417,452,1
417,453,4
417,456,4
417,466,2
417,470,4
417,478,1
418,427,1
418,435,2
418,442,3
418,451,5
419,443,3
420,421,4
420,432,3
420,438,5
420,475,1
420,480,5
420,481,4
420,482,4
420,484,3
420,490,1
420,491,5
420,497,3
421,449,3
421,450,4
421,464,3
421,465,4
421,467,4
421,479,1
421,488,2
421,492,4
422,424,1
422,452,2
422,453,3
422,456,5
422,466,5
422,470,4
422,478,1
423,426,2
423,430,1
423,487,1
424,452,5
424,453,4
424,456,2
424,457,1
424,466,3
424,470,2
424,478,5
425,428,5
425,444,2
425,481,4
426,430,3
426,492,3
427,435,4
427,442,1
427,453,3
428,444,1
428,480,2
428,492,5
429,436,2
429,440,4
430,461,4
431,432,5
431,439,5
431,443,1
431,448,2
431,460,5
431,486,1
431,498,1
432,434,4
432,438,5
432,475,4
432,480,5
432,481,1
432,482,3
432,483,3
432,484,1
432,490,3
432,491,3
432,497,2
433,437,2
433,454,4
433,473,2
433,477,2
433,483,3
433,487,4
433,489,1
433,493,2
433,494,3
434,443,1
434,445,1
434,469,2
434,476,1
434,496,1
435,442,4
435,497,5
437,441,1
437,454,4
437,473,1
437,477,2
437,487,2
437,489,1
437,493,1
437,494,1
438,440,3
438,475,1
438,480,1
438,481,5
438,482,2
438,484,2
438,490,5
438,491,4
438,494,2
438,497,3
439,440,3
439,443,5
439,446,5
439,448,4
439,460,5
439,486,5
439,498,3
440,451,3
440,457,3
440,458,1
440,459,1
440,464,2
440,500,4
441,454,2
441,473,1
441,477,3
441,483,5
441,487,4
441,489,3
441,494,5
442,471,1
443,446,5
443,448,2
443,449,1
443,453,5
443,460,3
443,486,5
443,498,4
444,445,3
444,457,1
445,452,4
445,461,4
445,469,2
445,476,5
445,496,3
446,448,4
446,460,3
446,486,1
446,498,2
447,462,2
447,463,3
447,468,3
447,472,4
447,474,2
447,477,5
447,495,3
448,455,2
448,460,2
448,486,4
448,498,4
449,450,5
449,465,3
449,467,1
449,479,4
449,488,1
449,492,4
450,453,3
450,465,4
450,467,2
450,479,5
450,488,2
450,492,4
450,494,4
451,457,3
451,458,3
451,459,5
451,464,5
451,465,2
451,485,3
452,453,4
452,456,4
452,466,1
452,470,1
452,478,2
452,489,2
453,456,1
453,466,4
453,470,2
453,478,5
454,473,5
454,477,4
454,483,5
454,487,5
454,489,1
454,493,4
454,494,5
455,471,4
455,485,5
455,499,3
456,466,4
456,470,2
456,478,4
457,458,1
457,459,3
457,464,1
458,459,3
458,464,5
458,474,2
458,500,3
459,464,2
459,500,3
460,464,4
460,486,2
460,498,4
461,469,3
461,476,3
461,479,5
461,496,4
462,463,3
462,468,2
462,472,4
462,474,2
462,495,2
463,472,2
463,474,5
463,479,4
463,495,4
464,467,5
464,475,4
464,500,2
465,467,1
465,479,5
465,488,1
465,492,4
466,470,5
466,472,2
466,478,4
467,479,2
467,488,5
467,492,5
467,499,5
468,472,3
468,474,1
468,493,2
468,495,1
469,496,2
470,474,5
470,478,5
470,500,1
471,475,1
471,485,3
471,499,2
472,474,3
472,483,3
472,495,5
473,477,2
473,483,3
473,487,5
473,489,3
473,493,3
473,494,2
474,495,4
475,480,2
475,481,2
475,482,1
475,484,2
475,490,3
475,491,1
475,497,1
476,496,2
477,483,5
477,487,2
477,489,1
477,493,3
477,494,3
479,488,2
480,481,5
480,482,4
480,484,2
480,486,1
480,490,2
480,491,4
480,497,3
481,482,2
481,484,4
481,490,1
481,491,3
481,497,2
482,484,3
482,490,4
482,491,3
482,497,2
483,487,5
483,489,2
483,493,3
483,494,2
484,490,4
484,491,5
484,497,2
485,487,4
485,499,3
486,498,4
487,489,2
487,493,2
487,494,3
488,492,3
489,493,5
489,494,1
490,491,3
490,494,3
490,497,3
491,495,2
491,497,5
493,494,1