1,69,3
1,182,3
1,276,5
1,293,3
1,321,3
1,323,2
1,410,2
1,416,6
1,429,6
1,436,6
1,499,4
2,60,6
2,139,4
2,253,4
2,294,6
2,300,3
2,311,4
2,331,2
2,346,4
2,354,5
2,387,1
2,425,3
2,428,3
2,453,3
2,488,5
3,50,6
3,125,3
3,280,3
3,286,6
3,361,1
3,420,4
3,468,6
3,475,6
3,481,4
3,482,1
3,484,2
3,490,3
3,491,2
3,497,3
4,31,5
4,114,1
4,134,3
4,177,5
4,229,5
4,267,3
4,292,2
4,300,5
4,310,6
4,391,3
4,413,4
4,444,5
4,449,5
4,482,6
5,13,5
5,181,6
5,198,2
5,260,5
5,274,3
5,337,6
5,341,6
5,346,3
5,387,3
5,425,1
5,428,3
5,451,5
5,453,4
5,490,6
6,112,6
6,163,4
6,173,5
6,196,5
6,201,4
6,208,3
6,258,3
6,260,5
6,263,4
6,277,3
6,335,1
6,415,3
6,467,2
6,488,2
7,20,3
7,132,1
7,187,1
7,237,6
7,278,6
7,279,3
7,336,4
7,348,4
7,400,5
7,402,1
7,405,5
7,406,5
7,419,2
7,441,3
8,56,3
8,71,3
8,86,6
8,138,1
8,254,6
8,296,2
8,338,6
8,351,3
8,355,3
8,362,1
8,383,3
8,395,1
8,411,2
8,412,3
9,45,5
9,80,2
9,81,5
9,122,4
9,141,3
9,157,2
9,192,5
9,211,3
9,218,4
9,226,1
9,231,5
9,255,6
9,266,2
9,302,6
10,18,4
10,43,1
10,88,4
10,192,3
10,236,1
10,243,6
10,263,3
10,265,3
10,280,1
10,318,6
10,327,2
10,366,6
10,385,6
10,424,2
11,18,6
11,91,6
11,130,4
11,243,4
11,263,1
11,280,6
11,298,3
11,318,3
11,327,1
11,332,5
11,366,4
11,389,2
11,424,5
11,465,5
12,123,4
12,172,2
12,188,5
12,279,2
12,307,1
12,322,5
12,372,2
12,399,4
12,434,6
12,436,5
12,455,3
12,480,5
12,485,5
12,499,5
13,66,5
13,198,6
13,258,4
13,267,1
13,274,4
13,331,6
13,337,3
13,346,2
13,354,2
13,387,4
13,428,5
13,453,4
13,458,2
14,26,5
14,61,5
14,71,6
14,128,4
14,136,4
14,137,3
14,144,4
14,168,1
14,220,1
14,239,3
14,254,3
14,285,3
14,446,5
14,465,6
15,47,4
15,112,4
15,163,5
15,173,1
15,196,3
15,201,5
15,208,2
15,260,3
15,268,4
15,277,6
15,335,2
15,415,4
15,476,6
15,488,2
16,90,1
16,112,1
16,188,3
16,189,6
16,230,3
16,319,5
16,322,3
16,329,5
16,372,1
16,455,3
16,471,5
16,480,1
16,485,3
16,499,6
17,103,5
17,113,6
17,179,3
17,242,3
17,248,4
17,261,5
17,350,6
17,358,2
17,370,5
17,389,2
17,418,1
17,427,4
17,435,4
17,488,3
18,192,5
18,243,3
18,244,1
18,263,1
18,299,1
18,318,4
18,327,5
18,332,4
18,366,1
18,401,5
18,416,5
18,424,2
19,23,4
19,35,5
19,174,5
19,185,5
19,186,5
19,219,5
19,287,5
19,301,3
19,303,5
19,333,2
19,345,6
19,347,2
19,367,1
19,404,1
20,23,2
20,95,2
20,110,6
20,186,4
20,245,6
20,284,4
20,303,5
20,330,4
20,343,3
20,345,4
20,347,1
20,367,3
20,375,3
21,172,5
21,188,2
21,307,2
21,322,5
21,329,4
21,354,6
21,399,5
21,453,6
21,455,2
21,471,1
21,480,1
21,485,1
21,486,4
21,499,1
22,115,3
22,209,5
22,247,6
22,261,5
22,304,3
22,314,3
22,350,4
22,370,2
22,389,1
22,409,5
22,427,5
22,435,4
22,442,2
22,492,2
23,35,2
23,60,5
23,108,5
23,155,3
23,174,1
23,234,4
23,301,2
23,303,6
23,345,1
23,347,2
23,367,5
23,455,4
24,79,2
24,129,1
24,227,4
24,379,5
24,395,2
24,397,5
24,405,4
24,407,4
24,422,5
24,452,3
24,456,2
24,466,3
24,470,5
24,478,6
25,47,1
25,84,1
25,116,1
25,163,5
25,173,1
25,191,2
25,196,4
25,208,3
25,225,6
25,277,1
25,335,4
25,415,5
25,486,3
25,488,3
26,46,3
26,71,6
26,118,6
26,128,1
26,137,4
26,144,1
26,161,5
26,186,1
26,220,6
26,239,5
26,285,4
26,304,3
26,446,5
27,76,5
27,164,6
27,222,3
27,309,3
27,368,4
27,420,5
27,438,4
27,464,4
27,475,4
27,481,3
27,482,3
27,490,4
27,491,2
27,497,6
28,126,2
28,133,4
28,138,1
28,211,5
28,230,6
28,313,6
28,338,4
28,362,2
28,381,3
28,383,1
28,392,1
28,395,4
28,411,6
28,412,5
29,223,1
29,240,1
29,242,4
29,247,1
29,314,6
29,370,2
29,389,6
29,402,2
29,404,2
29,409,1
29,418,6
29,427,1
29,435,5
29,442,5
30,155,4
30,200,4
30,228,4
30,291,4
30,295,3
30,380,2
30,401,4
30,431,2
30,439,4
30,460,3
30,479,1
30,486,2
30,497,1
30,498,1
31,74,6
31,134,4
31,160,6
31,197,3
31,249,6
31,267,5
31,275,5
31,289,4
31,310,6
31,379,4
31,381,3
31,391,3
31,444,3
32,35,2
32,193,5
32,335,2
32,352,5
32,378,3
32,394,4
32,410,6
32,447,2
32,462,4
32,463,6
32,468,4
32,472,4
32,474,1
33,80,5
33,106,4
33,127,4
33,146,1
33,151,5
33,208,3
33,215,4
33,218,3
33,231,3
33,235,5
33,255,3
33,266,3
33,282,6
33,302,5
34,215,3
34,222,4
34,368,4
34,371,1
34,420,4
34,423,6
34,432,3
34,438,1
34,475,6
34,481,2
34,482,3
34,490,6
34,491,5
34,497,2
35,65,2
35,110,4
35,174,6
35,250,5
35,330,1
35,347,4
35,367,1
35,369,4
35,375,1
35,390,2
35,404,3
36,43,6
36,53,1
36,88,5
36,100,1
36,243,2
36,244,3
36,263,6
36,280,3
36,318,4
36,332,1
36,348,1
36,366,5
36,396,4
36,424,5
37,65,3
37,70,6
37,144,1
37,180,6
37,213,6
37,216,2
37,248,3
37,340,5
37,376,5
37,388,4
37,417,1
37,423,3
37,426,3
37,430,1
38,199,6
38,215,5
38,263,2
38,312,3
38,353,4
38,403,6
38,404,2
38,434,2
38,445,5
38,448,4
38,461,1
38,469,2
38,495,5
38,496,6
39,68,1
39,96,5
39,194,6
39,264,6
39,291,3
39,295,2
39,401,3
39,431,2
39,439,2
39,443,3
39,460,5
39,486,5
39,498,1
39,499,4
40,205,1
40,274,3
40,301,4
40,368,4
40,420,5
40,438,4
40,475,2
40,481,6
40,482,6
40,484,4
40,490,1
40,491,5
40,497,3
40,498,5
41,141,4
41,178,5
41,231,3
41,278,3
41,306,6
41,336,2
41,348,3
41,385,6
41,400,5
41,402,2
41,405,2
41,406,4
41,419,4
41,441,2
42,86,3
42,121,2
42,159,6
42,342,2
42,372,6
42,399,1
42,418,6
42,447,3
42,455,5
42,471,5
42,480,1
42,481,5
42,485,3
42,499,3
43,88,4
43,100,2
43,130,2
43,243,2
43,263,1
43,280,1
43,304,2
43,311,6
43,327,3
43,332,4
43,366,4
43,424,2
44,182,5
44,393,6
44,398,3
44,400,4
44,426,4
44,433,4
44,437,5
44,454,6
44,473,3
44,483,3
44,487,4
44,489,6
44,493,2
44,494,4
45,80,5
45,110,6
45,151,2
45,211,6
45,215,2
45,226,3
45,231,4
45,235,3
45,255,6
45,266,1
45,302,6
45,384,3
45,426,1
46,61,4
46,70,6
46,111,5
46,118,5
46,128,1
46,137,2
46,161,1
46,220,2
46,239,3
46,285,6
46,309,1
46,446,1
46,473,1
47,116,3
47,117,4
47,173,2
47,191,6
47,196,2
47,201,5
47,208,3
47,277,3
47,335,4
47,366,3
47,415,2
47,488,5
48,157,1
48,175,1
48,308,2
48,352,3
48,356,6
48,378,3
48,394,4
48,410,4
48,447,3
48,462,6
48,463,6
48,468,1
48,472,3
48,474,6
49,162,4
49,219,6
49,289,6
49,299,1
49,305,6
49,355,4
49,359,3
49,385,3
49,451,3
49,457,4
49,458,1
49,462,4
49,464,5
49,500,6
50,102,2
50,233,2
50,371,1
50,395,4
50,438,3
50,440,6
50,475,6
50,481,2
50,482,4
50,484,2
50,490,5
50,491,6
50,497,4
51,55,5
51,176,4
51,228,1
51,264,6
51,272,3
51,380,4
51,401,6
51,431,4
51,439,2
51,443,5
51,460,3
51,468,6
51,486,5
51,498,1
52,78,3
52,107,5
52,109,3
52,150,3
52,152,3
52,156,4
52,158,4
52,167,1
52,184,1
52,224,5
52,290,3
52,394,5
52,465,4
52,477,2
53,74,5
53,91,6
53,127,3
53,130,3
53,192,5
53,240,6
53,243,5
53,244,3
53,263,5
53,318,4
53,327,5
53,332,6
53,366,5
53,424,5
54,154,3
54,199,1
54,241,6
54,305,4
54,353,6
54,396,5
54,400,3
54,403,5
54,404,6
54,434,4
54,445,2
54,448,1
54,461,6
54,469,5
54,495,1
55,89,5
55,93,1
55,149,2
55,197,4
55,228,3
55,264,5
55,272,6
55,380,1
55,431,3
55,443,6
55,460,4
55,464,6
55,486,1
55,498,6
56,82,2
56,126,1
56,133,5
56,181,3
56,189,6
56,240,2
56,313,1
56,338,2
56,351,5
56,392,3
56,395,1
56,411,2
56,412,6
56,465,6
57,96,6
57,181,6
57,200,5
57,228,2
57,232,3
57,295,4
57,297,4
57,382,4
57,401,1
57,431,4
57,439,5
57,443,3
57,460,5
57,486,2
57,498,2
58,106,6
58,114,5
58,131,1
58,147,6
58,149,3
58,197,3
58,249,5
58,267,5
58,275,3
58,310,5
58,370,6
58,413,2
58,417,3
58,444,4
58,447,4
59,116,2
59,166,1
59,238,1
59,257,3
59,326,5
59,341,2
59,344,2
59,356,1
59,382,2
59,421,4
59,449,4
59,450,4
59,467,4
59,479,1
59,492,4
60,117,3
60,165,2
60,181,2
60,198,4
60,207,4
60,258,6
60,321,2
60,341,2
60,354,2
60,387,1
60,425,2
60,428,6
60,453,3
61,71,1
61,111,5
61,121,2
61,128,5
61,136,3
61,144,5
61,161,3
61,220,2
61,239,3
61,285,3
61,364,6
61,446,2
61,481,2
62,148,6
62,201,3
62,322,4
62,339,6
62,359,4
62,364,1
62,384,3
62,414,4
62,440,1
62,451,6
62,457,3
62,458,6
62,459,6
62,464,2
62,500,4
63,106,6
63,237,5
63,270,3
63,344,2
63,349,4
63,356,6
63,374,3
63,420,1
63,421,5
63,449,4
63,450,3
63,463,1
63,467,6
63,479,2
63,492,1
64,86,4
64,93,4
64,107,4
64,135,6
64,203,2
64,265,5
64,276,2
64,293,6
64,323,6
64,361,3
64,416,6
64,429,1
64,436,2
64,460,5
64,470,3
65,174,3
65,250,3
65,287,5
65,301,4
65,330,3
65,333,1
65,334,2
65,343,2
65,345,1
65,367,3
65,390,3
65,398,5
65,450,3
66,85,3
66,165,1
66,211,4
66,236,6
66,288,6
66,294,4
66,311,2
66,331,5
66,340,1
66,346,1
66,354,6
66,425,1
66,428,5
66,453,1
67,70,1
67,92,4
67,104,6
67,150,5
67,156,3
67,158,2
67,167,6
67,184,5
67,224,2
67,290,2
67,320,1
67,322,2
67,346,4
67,465,1
67,477,4
68,122,5
68,127,3
68,146,1
68,157,4
68,211,6
68,215,2
68,218,6
68,226,6
68,231,6
68,235,2
68,264,4
68,266,1
68,302,4
68,448,3
69,101,5
69,107,2
69,135,1
69,259,1
69,265,1
69,290,1
69,293,3
69,321,3
69,323,4
69,361,4
69,416,1
69,429,1
69,471,1
69,485,5
70,78,6
70,92,3
70,109,5
70,156,4
70,158,1
70,167,4
70,184,1
70,224,3
70,290,2
70,465,2
70,477,5
70,493,5
71,118,5
71,128,6
71,136,2
71,137,3
71,161,2
71,220,2
71,239,4
71,285,1
71,442,1
71,446,3
71,500,1
72,179,2
72,209,2
72,223,3
72,246,6
72,247,4
72,275,2
72,314,6
72,336,6
72,370,4
72,389,6
72,409,5
72,418,2
72,427,4
72,435,1
72,442,3
73,76,1
73,159,3
73,178,5
73,307,1
73,322,1
73,329,6
73,331,2
73,372,5
73,399,6
73,409,5
73,455,4
73,471,1
73,480,2
73,485,3
73,499,1
74,119,3
74,131,1
74,147,2
74,149,1
74,165,1
74,249,2
74,267,1
74,275,5
74,300,2
74,391,6
74,413,2
74,444,3
74,456,6
75,99,3
75,124,2
75,180,4
75,217,2
75,225,1
75,323,4
75,340,1
75,376,4
75,386,6
75,417,2
75,423,4
75,426,6
75,430,6
75,453,5
75,481,1
76,95,3
76,102,4
76,222,2
76,353,5
76,420,6
76,432,6
76,438,4
76,475,3
76,481,5
76,482,6
76,484,5
76,490,5
76,497,6
77,246,6
77,308,2
77,316,6
77,355,2
77,359,3
77,364,6
77,369,5
77,385,1
77,408,3
77,420,1
77,457,3
77,459,5
77,464,5
77,496,3
77,500,6
78,92,3
78,109,2
78,144,2
78,150,3
78,156,3
78,158,4
78,184,6
78,224,1
78,290,1
78,428,3
78,465,1
78,467,6
78,477,1
79,252,6
79,363,2
79,393,3
79,429,1
79,433,1
79,437,3
79,454,3
79,473,1
79,483,6
79,487,6
79,489,1
79,493,4
79,494,4
80,105,5
80,122,4
80,151,2
80,157,5
80,164,4
80,211,6
80,215,2
80,218,5
80,226,5
80,302,1
80,428,1
80,478,5
81,189,4
81,193,3
81,221,6
81,230,1
81,254,3
81,296,1
81,351,3
81,380,6
81,383,4
81,392,6
81,395,2
81,411,2
81,412,4
81,453,2
82,92,1
82,138,1
82,189,2
82,193,6
82,254,5
82,296,1
82,313,1
82,317,1
82,342,3
82,351,2
82,362,5
82,395,3
82,411,4
82,446,2
83,105,4
83,223,3
83,257,4
83,269,6
83,282,3
83,352,2
83,353,6
83,396,3
83,404,2
83,434,4
83,445,5
83,448,1
83,476,5
83,495,2
83,496,5
84,112,6
84,163,6
84,173,4
84,191,5
84,201,6
84,208,6
84,260,2
84,277,4
84,302,1
84,335,5
84,415,1
84,438,4
84,471,2
84,488,3
85,117,3
85,198,5
85,243,4
85,253,1
85,288,1
85,294,3
85,299,1
85,317,5
85,331,2
85,337,1
85,341,3
85,354,6
85,425,3
85,453,5
86,123,5
86,159,4
86,178,3
86,268,6
86,322,4
86,399,6
86,455,3
86,471,1
86,480,4
86,485,3
86,493,1
86,499,4
87,149,4
87,204,2
87,212,2
87,309,5
87,357,3
87,365,6
87,377,4
87,379,4
87,397,1
87,422,1
87,452,6
87,456,6
87,466,5
87,470,2
87,478,1
88,243,3
88,244,2
88,251,4
88,263,1
88,280,2
88,318,3
88,327,5
88,332,6
88,366,4
88,376,6
88,424,6
88,492,6
89,129,5
89,200,6
89,272,3
89,288,6
89,297,1
89,380,5
89,401,6
89,419,4
89,431,3
89,439,4
89,443,1
89,460,6
89,486,3
89,498,3
90,114,5
90,178,5
90,266,6
90,294,3
90,319,1
90,322,4
90,329,3
90,372,4
90,399,3
90,455,3
90,471,4
90,480,6
90,485,4
90,499,4
91,100,4
91,130,5
91,192,2
91,243,3
91,244,6
91,260,3
91,280,5
91,327,6
91,332,2
91,336,2
91,366,5
91,424,2
91,487,3
92,104,5
92,109,6
92,156,5
92,167,1
92,184,6
92,224,1
92,290,5
92,410,3
92,441,4
92,465,3
92,477,3
93,101,4
93,135,6
93,182,2
93,189,5
93,195,3
93,245,4
93,259,4
93,265,3
93,321,6
93,373,3
93,416,4
93,429,2
93,436,6
94,173,2
94,222,4
94,298,1
94,368,1
94,371,4
94,375,3
94,407,3
94,420,2
94,432,5
94,475,5
94,481,5
94,482,6
94,484,3
94,490,2
94,491,3
95,164,5
95,166,2
95,344,4
95,349,6
95,356,5
95,382,6
95,383,4
95,421,2
95,449,3
95,450,2
95,467,3
95,479,3
95,492,3
96,175,6
96,221,2
96,224,2
96,264,4
96,380,4
96,401,3
96,431,5
96,439,4
96,443,5
96,452,5
96,460,5
96,486,5
96,498,4
97,241,3
97,278,5
97,308,4
97,352,3
97,372,3
97,378,3
97,394,6
97,410,6
97,447,3
97,462,6
97,463,2
97,465,3
97,468,5
97,472,5
97,474,3
98,107,3
98,135,3
98,142,3
98,182,1
98,203,4
98,245,4
98,265,3
98,293,4
98,341,6
98,345,3
98,361,6
98,416,6
98,429,6
98,436,3
98,478,1
99,216,3
99,248,3
99,252,6
99,271,1
99,338,1
99,376,1
99,386,3
99,388,1
99,417,1
99,423,4
99,426,3
99,430,5
99,445,3
99,459,2
100,130,2
100,244,4
100,263,4
100,280,3
100,318,3
100,327,3
100,329,4
100,332,2
100,366,3
100,402,5
100,419,3
100,424,3
101,107,1
101,135,5
101,182,4
101,195,5
101,245,1
101,265,2
101,334,6
101,361,3
101,416,2
101,423,6
101,429,5
101,436,6
101,438,3
102,286,6
102,415,4
102,420,5
102,432,6
102,438,1
102,447,2
102,475,4
102,481,5
102,484,2
102,489,1
102,490,4
102,491,3
102,497,5
103,250,5
103,262,2
103,365,5
103,373,1
103,403,5
103,434,5
103,435,1
103,445,2
103,448,1
103,461,1
103,469,3
103,476,4
103,495,4
103,496,1
104,108,4
104,109,3
104,150,5
104,156,5
104,158,3
104,167,2
104,184,4
104,224,2
104,259,1
104,269,3
104,290,2
104,465,3
104,477,6
105,197,2
105,312,5
105,320,4
105,360,1
105,365,2
105,373,1
105,386,5
105,396,2
105,434,3
105,461,6
105,469,6
105,495,6
105,496,2
106,119,1
106,138,2
106,177,3
106,197,3
106,267,2
106,275,3
106,292,1
106,300,6
106,310,2
106,391,4
106,413,6
106,444,6
107,124,5
107,195,4
107,259,3
107,265,3
107,321,1
107,323,6
107,361,4
107,416,1
107,436,3
107,442,2
108,174,1
108,230,3
108,234,3
108,250,4
108,284,2
108,287,3
108,333,1
108,343,4
108,345,5
108,367,5
108,375,6
108,390,3
108,418,2
109,150,6
109,158,5
109,167,4
109,184,6
109,249,1
109,270,2
109,290,2
109,455,4
109,465,1
109,477,5
110,185,5
110,284,3
110,287,2
110,301,1
110,330,2
110,333,3
110,334,6
110,335,4
110,343,4
110,375,1
110,390,1
110,407,4
111,118,5
111,128,3
111,136,2
111,137,4
111,144,1
111,161,4
111,198,4
111,220,4
111,239,6
111,285,5
111,312,2
111,446,6
111,462,6
112,116,6
112,147,5
112,163,5
112,196,6
112,201,6
112,260,2
112,277,2
112,283,1
112,335,6
112,415,2
112,488,2
113,209,6
113,222,6
113,223,2
113,227,2
113,247,1
113,281,3
113,304,1
113,358,5
113,389,1
113,409,3
113,418,5
113,427,3
113,435,5
113,442,3
114,124,1
114,134,6
114,177,3
114,249,3
114,267,3
114,292,3
114,300,5
114,310,1
114,312,6
114,340,6
114,391,4
114,413,3
114,444,2
115,232,1
115,236,6
115,274,6
115,278,3
115,279,5
115,306,4
115,336,2
115,348,5
115,400,5
115,402,1
115,405,2
115,406,6
115,419,6
115,441,5
115,477,3
116,163,6
116,173,1
116,191,6
116,196,4
116,208,5
116,260,2
116,277,2
116,335,3
116,360,6
116,415,5
116,421,5
116,488,1
117,165,5
117,181,5
117,253,5
117,294,3
117,328,6
117,331,4
117,337,2
117,354,4
117,387,2
117,425,3
117,428,2
117,429,1
117,453,2
118,136,1
118,137,2
118,144,3
118,145,1
118,161,5
118,220,2
118,234,1
118,239,3
118,285,5
118,310,6
118,446,2
118,488,1
119,134,1
119,149,6
119,160,3
119,249,2
119,255,1
119,267,5
119,275,2
119,292,4
119,300,4
119,391,2
119,413,3
119,444,4
119,455,4
119,472,4
120,146,5
120,163,4
120,229,3
120,241,4
120,308,6
120,352,3
120,378,3
120,394,2
120,410,1
120,447,2
120,461,5
120,462,5
120,463,3
120,468,6
120,472,1
120,474,4
121,126,3
121,188,2
121,268,4
121,307,3
121,319,5
121,329,2
121,399,1
121,455,6
121,470,4
121,471,3
121,480,5
121,484,5
121,485,1
121,499,2
122,137,5
122,146,2
122,151,6
122,215,2
122,218,6
122,226,2
122,231,1
122,235,1
122,255,5
122,266,1
122,302,4
122,303,3
122,415,1
123,156,5
123,172,1
123,178,1
123,215,6
123,307,5
123,342,3
123,372,5
123,399,5
123,414,6
123,455,1
123,471,5
123,480,6
123,485,3
123,499,3
124,217,5
124,248,3
124,252,6
124,289,4
124,340,2
124,354,3
124,376,4
124,386,4
124,388,2
124,417,1
124,423,5
124,426,3
124,430,1
125,222,6
125,234,1
125,246,6
125,298,6
125,420,2
125,432,6
125,438,6
125,475,4
125,481,4
125,482,1
125,483,2
125,484,3
125,490,5
125,491,6
125,497,1
126,133,3
126,193,6
126,221,5
126,296,4
126,317,5
126,332,4
126,370,2
126,383,4
126,392,1
126,395,6
126,411,3
126,412,6
126,458,3
127,146,3
127,151,1
127,170,6
127,211,5
127,215,3
127,218,3
127,226,4
127,231,2
127,235,5
127,255,5
127,266,6
127,302,2
127,480,6
128,136,5
128,144,4
128,161,3
128,171,2
128,175,3
128,220,4
128,239,4
128,285,4
128,446,1
128,487,3
129,140,2
129,188,5
129,212,4
129,227,2
129,309,4
129,324,2
129,384,1
129,407,5
129,452,4
129,456,3
129,466,5
129,470,4
129,478,5
129,491,6
130,151,5
130,192,1
130,205,6
130,244,3
130,263,2
130,318,4
130,327,3
130,332,4
130,351,6
130,366,6
130,424,1
131,147,2
131,160,1
131,177,2
131,195,2
131,249,2
131,267,4
131,275,5
131,292,1
131,310,5
131,391,6
131,413,4
131,444,6
131,461,6
131,482,6
132,141,2
132,232,6
132,279,6
132,306,2
132,325,4
132,336,4
132,348,2
132,400,3
132,402,5
132,405,4
132,406,4
132,419,4
132,441,5
132,448,6
132,486,5
133,221,4
133,230,6
133,254,2
133,317,6
133,327,4
133,351,2
133,372,1
133,383,6
133,392,1
133,395,4
133,411,3
133,412,1
133,413,1
134,147,2
134,177,3
134,178,2
134,197,1
134,226,6
134,275,4
134,292,4
134,295,5
134,300,5
134,310,5
134,413,3
134,444,5
135,195,2
135,221,5
135,276,2
135,293,5
135,323,2
135,361,6
135,402,3
135,411,5
135,416,1
135,429,3
135,436,1
136,137,1
136,144,5
136,161,4
136,220,1
136,239,3
136,285,5
136,349,6
136,390,5
136,431,4
136,446,2
137,144,3
137,161,4
137,220,1
137,233,5
137,239,1
137,285,6
137,415,2
137,446,6
138,169,2
138,189,5
138,197,6
138,296,4
138,313,2
138,338,3
138,362,5
138,383,5
138,392,2
138,395,2
138,411,3
138,412,6
139,166,5
139,176,6
139,190,4
139,270,3
139,284,1
139,326,4
139,344,5
139,356,2
139,369,4
139,421,6
139,449,1
139,450,2
139,467,2
139,479,2
139,492,5
140,258,4
140,357,3
140,379,3
140,384,3
140,407,6
140,416,1
140,422,5
140,452,4
140,456,4
140,466,1
140,470,5
140,478,3
140,479,1
140,497,1
141,236,1
141,274,1
141,278,3
141,279,6
141,336,4
141,348,5
141,359,2
141,400,5
141,402,4
141,405,5
141,406,6
141,419,1
141,441,3
142,182,6
142,195,3
142,203,3
142,237,5
142,248,1
142,259,6
142,276,2
142,293,4
142,321,2
142,323,4
142,361,1
142,385,3
142,416,2
142,429,3
142,436,5
143,171,2
143,207,1
143,261,6
143,307,6
143,314,3
143,350,1
143,358,2
143,370,3
143,373,5
143,389,6
143,409,2
143,418,5
143,422,5
143,427,3
143,435,5
143,442,2
144,161,1
144,220,4
144,239,1
144,285,3
144,446,1
144,469,6
145,176,3
145,257,5
145,314,5
145,349,3
145,356,5
145,374,4
145,378,5
145,382,1
145,421,3
145,449,5
145,450,3
145,458,1
145,467,5
145,479,3
145,492,5
146,157,5
146,211,2
146,218,6
146,226,2
146,231,4
146,235,3
146,255,3
146,266,4
146,302,2
146,360,1
146,429,1
147,149,2
147,160,6
147,177,5
147,179,6
147,267,6
147,275,4
147,292,3
147,391,2
147,413,2
147,441,4
147,444,3
148,154,3
148,246,6
148,290,1
148,316,2
148,325,5
148,339,5
148,355,3
148,397,1
148,408,3
148,425,6
148,440,1
148,457,3
148,458,5
148,464,2
148,500,4
149,160,6
149,177,4
149,249,3
149,300,6
149,310,5
149,391,1
149,401,2
149,406,1
149,413,4
149,444,3
150,158,5
150,167,1
150,184,2
150,214,3
150,224,1
150,290,1
150,434,5
150,457,2
150,465,1
150,477,6
151,157,5
151,211,3
151,215,1
151,226,4
151,235,3
151,255,2
151,266,5
151,302,4
151,406,1
151,409,5
152,283,6
152,363,1
152,381,5
152,398,3
152,417,1
152,433,4
152,437,3
152,454,5
152,473,6
152,483,5
152,486,4
152,487,3
152,489,3
152,493,1
152,494,6
153,251,1
153,281,2
153,298,6
153,309,1
153,357,4
153,364,1
153,377,3
153,379,3
153,422,6
153,438,3
153,452,2
153,456,3
153,466,1
153,470,3
153,478,2
153,498,6
154,176,1
154,210,6
154,219,5
154,316,4
154,325,5
154,359,5
154,364,4
154,369,6
154,385,2
154,414,2
154,440,2
154,458,2
154,464,3
154,484,5
155,264,2
155,291,5
155,295,6
155,297,1
155,311,6
155,380,3
155,431,4
155,435,6
155,439,1
155,443,4
155,460,5
155,486,3
155,496,1
155,498,1
156,158,4
156,167,4
156,180,4
156,184,6
156,224,5
156,290,3
156,349,4
156,465,1
156,477,3
157,211,2
157,215,3
157,218,1
157,231,5
157,235,3
157,255,1
157,266,3
157,286,4
157,302,2
157,377,5
158,167,2
158,224,4
158,241,2
158,290,3
158,354,1
158,423,4
158,464,3
158,465,6
158,477,2
159,226,2
159,243,2
159,268,5
159,307,6
159,322,1
159,324,2
159,342,4
159,372,1
159,455,2
159,471,4
159,476,5
159,480,1
159,485,4
159,499,2
160,197,1
160,249,4
160,271,5
160,275,5
160,292,6
160,303,1
160,310,5
160,389,3
160,391,2
160,413,5
160,444,4
160,456,6
161,175,1
161,220,2
161,239,3
161,285,4
161,392,1
161,446,4
161,465,6
162,210,2
162,316,3
162,325,6
162,364,5
162,369,2
162,408,1
162,409,4
162,414,3
162,440,5
162,451,4
162,457,5
162,458,2
162,459,2
162,462,6
162,480,3
162,500,3
163,173,3
163,191,3
163,201,6
163,208,2
163,226,1
163,260,6
163,335,1
163,415,6
163,488,2
163,498,4
164,166,4
164,211,3
164,237,3
164,270,2
164,318,2
164,326,5
164,374,5
164,382,5
164,421,2
164,449,3
164,450,1
164,467,6
164,479,5
164,492,5
165,170,1
165,253,6
165,288,3
165,311,3
165,335,3
165,337,4
165,341,5
165,346,2
165,354,2
165,362,3
165,387,1
165,428,5
165,453,3
166,224,3
166,237,1
166,270,3
166,326,1
166,349,5
166,421,4
166,444,1
166,449,5
166,450,2
166,460,5
166,467,3
166,479,1
166,492,6
167,184,6
167,224,5
167,278,3
167,290,3
167,296,5
167,297,1
167,465,3
167,477,5
168,214,1
168,216,5
168,217,3
168,225,2
168,248,6
168,271,3
168,289,5
168,340,3
168,376,5
168,386,5
168,417,3
168,423,4
168,426,6
168,430,6
168,457,6
168,493,1
169,177,4
169,282,4
169,305,3
169,312,2
169,353,1
169,365,5
169,373,4
169,396,2
169,403,2
169,404,4
169,448,5
169,450,6
169,461,5
169,476,4
169,495,5
169,496,4
170,198,6
170,258,4
170,274,4
170,288,4
170,294,3
170,311,4
170,331,5
170,336,3
170,337,2
170,387,6
170,425,4
170,426,3
170,428,6
170,445,3
170,453,5
171,179,5
171,240,6
171,261,2
171,304,2
171,350,1
171,358,5
171,366,2
171,370,6
171,389,2
171,403,5
171,409,2
171,418,4
171,427,6
171,435,6
171,490,2
172,244,6
172,268,2
172,319,6
172,322,1
172,335,2
172,342,6
172,372,6
172,399,3
172,455,3
172,471,6
172,480,4
172,485,6
172,497,1
172,499,6
173,191,1
173,196,5
173,260,6
173,277,4
173,335,2
173,415,6
173,464,5
173,476,1
173,488,1
174,225,1
174,234,5
174,301,6
174,303,1
174,333,4
174,334,5
174,343,5
174,345,4
174,347,2
174,367,2
174,480,3
174,496,6
175,272,1
175,291,3
175,295,6
175,297,1
175,300,6
175,380,3
175,401,4
175,431,5
175,439,6
175,443,5
175,460,2
175,486,5
175,498,2
176,257,5
176,270,4
176,297,6
176,345,1
176,349,3
176,374,3
176,382,2
176,421,3
176,449,2
176,450,4
176,467,6
176,479,1
176,492,2
177,236,5
177,275,5
177,292,3
177,300,6
177,310,4
177,347,1
177,391,5
177,413,1
177,444,2
178,188,2
178,307,6
178,319,3
178,322,3
178,329,2
178,342,3
178,386,4
178,399,3
178,455,5
178,471,2
178,485,5
179,223,2
179,240,4
179,304,2
179,314,2
179,356,4
179,358,3
179,368,4
179,370,6
179,389,3
179,418,5
179,427,5
179,430,1
179,435,2
180,194,6
180,213,4
180,216,1
180,217,2
180,219,3
180,225,5
180,289,1
180,340,3
180,376,3
180,388,4
180,423,6
180,426,2
180,430,6
180,482,2
181,216,1
181,253,2
181,258,2
181,288,1
181,331,2
181,337,1
181,341,5
181,354,6
181,387,3
181,425,1
181,453,4
181,459,5
182,238,2
182,259,3
182,265,2
182,276,6
182,321,6
182,361,1
182,416,6
182,429,4
182,436,5
182,465,6
182,470,2
183,206,1
183,246,5
183,299,5
183,316,2
183,325,4
183,339,4
183,355,4
183,385,2
183,408,3
183,414,1
183,449,5
183,451,4
183,457,3
183,459,5
183,466,5
183,472,4
183,500,3
184,224,3
184,278,4
184,290,6
184,408,5
184,465,6
184,477,2
184,481,1
185,186,3
185,234,3
185,250,1
185,301,1
185,312,6
185,313,3
185,330,6
185,333,5
185,334,4
185,343,6
185,345,2
185,347,6
185,375,6
185,390,4
185,457,6
186,234,3
186,284,6
186,287,2
186,303,3
186,314,1
186,330,1
186,333,5
186,334,3
186,347,6
186,375,6
186,390,4
186,422,4
186,460,2
187,209,1
187,232,5
187,236,6
187,278,2
187,279,3
187,306,4
187,336,5
187,348,1
187,351,5
187,391,5
187,400,6
187,402,4
187,405,3
187,406,5
187,419,4
187,441,6
188,268,4
188,272,6
188,319,4
188,329,6
188,372,2
188,399,2
188,413,2
188,455,1
188,471,4
188,480,3
188,499,3
189,254,3
189,296,6
189,313,5
189,317,1
189,338,5
189,351,6
189,362,4
189,383,3
189,411,2
189,412,6
189,437,5
190,191,4
190,257,1
190,326,3
190,344,1
190,349,4
190,356,4
190,368,5
190,374,5
190,382,1
190,421,6
190,449,3
190,450,3
190,467,5
190,479,4
190,480,4
190,492,5
191,196,1
191,201,1
191,208,5
191,260,5
191,277,1
191,335,6
191,366,3
191,415,4
191,444,6
191,488,2
192,243,2
192,244,6
192,256,5
192,263,6
192,280,6
192,299,2
192,315,2
192,318,1
192,332,2
192,366,5
192,424,4
193,254,1
193,296,4
193,317,6
193,351,5
193,362,5
193,383,3
193,392,4
193,395,2
193,410,4
193,411,4
193,412,5
193,454,5
193,486,5
194,204,1
194,237,5
194,241,1
194,308,2
194,313,5
194,352,6
194,378,4
194,394,4
194,410,2
194,447,1
194,462,2
194,463,5
194,468,5
194,472,2
194,474,4
195,245,3
195,259,2
195,276,5
195,293,6
195,321,5
195,361,6
195,429,2
195,434,1
195,436,3
195,488,6
196,201,4
196,212,2
196,260,4
196,277,5
196,335,5
196,347,1
196,415,6
196,449,4
196,488,1
197,249,3
197,267,1
197,275,4
197,300,1
197,310,1
197,322,6
197,391,6
197,413,6
197,444,4
198,274,4
198,288,6
198,294,6
198,306,5
198,331,3
198,341,5
198,387,3
198,425,1
198,428,6
198,453,1
198,495,1
199,280,4
199,305,2
199,320,2
199,403,6
199,404,2
199,430,5
199,434,2
199,448,6
199,461,1
199,462,4
199,469,5
199,470,4
199,476,6
199,495,6
199,496,2
200,247,2
200,248,3
200,264,2
200,291,4
200,295,4
200,315,4
200,380,5
200,431,5
200,439,5
200,443,6
200,460,4
200,477,6
200,486,1
200,498,1
201,208,4
201,260,3
201,277,6
201,282,6
201,335,6
201,415,5
201,448,1
201,488,6
202,273,3
202,346,2
202,363,6
202,381,2
202,393,5
202,398,3
202,433,4
202,437,1
202,454,5
202,473,3
202,483,6
202,485,6
202,487,1
202,489,1
202,493,6
202,494,3
202,500,4
203,245,3
203,260,4
203,265,2
203,276,6
203,293,1
203,310,1
203,321,3
203,323,3
203,361,3
203,382,6
203,416,2
203,429,4
203,436,5
204,229,2
204,241,5
204,308,3
204,352,3
204,378,5
204,394,2
204,410,6
204,447,5
204,448,1
204,462,6
204,463,4
204,468,2
204,472,6
204,474,1
204,477,4
205,268,5
205,286,1
205,298,1
205,368,4
205,371,6
205,406,5
205,432,3
205,438,4
205,481,2
205,482,2
205,484,3
205,485,5
205,490,6
205,491,6
205,497,1
206,210,6
206,228,3
206,246,5
206,299,6
206,316,6
206,359,4
206,364,4
206,408,3
206,414,2
206,440,1
206,443,2
206,446,4
206,451,6
206,452,5
206,457,2
206,459,4
206,500,4
207,209,6
207,240,3
207,242,1
207,247,2
207,261,3
207,350,4
207,358,3
207,370,6
207,387,3
207,409,3
207,418,6
207,427,3
207,435,2
207,442,3
207,456,5
207,497,5
208,260,2
208,262,1
208,277,6
208,286,6
208,335,6
208,408,6
208,415,5
208,488,5
209,223,2
209,240,5
209,242,3
209,261,1
209,314,6
209,358,5
209,389,6
209,409,5
209,417,5
209,425,4
209,427,1
209,435,3
209,442,3
210,238,6
210,289,3
210,339,3
210,355,1
210,364,1
210,369,5
210,371,6
210,376,1
210,408,4
210,414,2
210,440,6
210,457,2
210,458,2
210,459,4
210,464,2
211,215,6
211,218,2
211,226,3
211,235,6
211,255,6
211,302,6
211,396,2
212,281,2
212,309,6
212,324,6
212,357,4
212,373,2
212,384,5
212,397,5
212,407,5
212,422,6
212,429,1
212,452,5
212,456,5
212,466,3
212,470,5
212,478,4
213,214,2
213,216,5
213,217,2
213,225,6
213,252,5
213,271,2
213,314,5
213,324,3
213,376,6
213,386,3
213,388,4
213,415,4
213,417,4
213,423,3
213,426,4
213,430,3
214,225,5
214,248,5
214,252,4
214,262,3
214,271,6
214,289,3
214,340,6
214,386,1
214,388,2
214,417,6
214,423,4
214,426,4
214,430,5
214,478,5
214,497,3
215,218,6
215,226,3
215,255,2
215,266,5
215,302,5
215,488,4
216,271,1
216,289,4
216,302,4
216,319,2
216,340,4
216,376,5
216,386,6
216,388,3
216,417,6
216,423,5
216,426,5
216,430,5
217,225,4
217,240,5
217,252,2
217,271,4
217,289,4
217,300,1
217,318,2
217,340,6
217,376,6
217,386,3
217,388,3
217,423,1
217,430,2
218,226,1
218,231,6
218,235,1
218,266,4
218,268,5
218,314,3
218,396,2
218,474,5
219,246,3
219,299,6
219,316,1
219,325,2
219,355,3
219,357,4
219,364,2
219,369,3
219,414,6
219,440,3
219,458,6
219,459,1
219,464,1
219,500,6
220,239,5
220,285,6
220,337,3
220,376,5
220,446,5
220,464,3
221,230,3
221,313,1
221,317,1
221,338,1
221,351,4
221,362,3
221,371,3
221,378,2
221,383,1
221,392,1
221,395,2
221,411,1
221,412,3
222,233,5
222,250,2
222,294,3
222,368,2
222,371,1
222,420,6
222,432,5
222,482,4
222,484,1
222,490,3
222,491,5
222,497,3
223,240,4
223,247,5
223,261,1
223,314,5
223,350,5
223,370,3
223,405,6
223,409,6
223,418,1
223,427,4
223,439,2
223,496,6
224,290,6
224,338,6
224,465,6
224,477,2
224,489,5
225,248,5
225,271,3
225,289,1
225,340,1
225,362,5
225,386,4
225,388,2
225,417,3
225,423,5
225,426,4
226,231,3
226,235,5
226,255,5
226,302,4
227,251,3
227,280,5
227,324,2
227,357,2
227,358,2
227,377,1
227,384,6
227,397,5
227,407,3
227,422,3
227,452,5
227,456,6
227,466,6
227,470,1
227,478,5
228,252,6
228,291,3
228,295,6
228,297,1
228,339,6
228,380,4
228,401,5
228,439,1
228,443,3
228,460,4
228,473,6
228,486,3
228,498,4
229,241,3
229,249,1
229,303,2
229,308,6
229,352,4
229,378,4
229,394,6
229,410,4
229,447,5
229,457,3
229,462,6
229,463,5
229,468,2
229,472,5
229,474,3
230,254,6
230,296,4
230,307,5
230,313,2
230,317,5
230,338,6
230,362,2
230,383,5
230,392,6
230,395,3
230,411,3
230,412,5
231,235,2
231,255,3
231,266,5
231,302,5
231,327,2
231,433,2
231,468,3
232,236,5
232,279,5
232,306,2
232,336,1
232,348,2
232,367,5
232,374,6
232,400,4
232,402,2
232,405,4
232,406,1
232,419,6
232,441,6
232,453,6
233,286,6
233,298,5
233,347,4
233,371,3
233,432,6
233,438,2
233,445,3
233,475,4
233,481,4
233,482,3
233,484,3
233,485,3
233,490,1
233,491,6
233,497,4
234,250,1
234,284,4
234,330,6
234,333,1
234,334,3
234,345,2
234,347,1
234,375,2
234,390,5
234,418,2
234,498,5
235,255,5
235,261,1
235,266,1
235,302,1
235,471,4
235,493,2
236,277,3
236,278,4
236,306,5
236,336,6
236,348,4
236,400,4
236,402,1
236,405,3
236,406,5
236,419,1
236,441,3
237,257,1
237,270,6
237,344,2
237,349,1
237,356,6
237,374,3
237,382,2
237,412,5
237,449,4
237,450,1
237,467,5
237,479,6
237,492,3
238,246,4
238,256,6
238,299,6
238,316,5
238,325,4
238,369,6
238,385,2
238,408,3
238,414,2
238,440,3
238,451,6
238,457,3
238,459,5
238,464,5
238,489,2
238,500,1
239,285,4
239,316,3
239,385,4
239,431,5
239,446,3
239,484,1
240,242,1
240,247,4
240,304,2
240,314,4
240,358,3
240,360,6
240,389,1
240,418,2
240,435,6
240,442,3
241,308,6
241,352,5
241,378,5
241,394,5
241,410,3
241,422,4
241,447,6
241,462,2
241,463,6
241,468,2
241,472,6
241,474,4
242,261,2
242,304,2
242,314,4
242,339,1
242,350,6
242,358,4
242,409,1
242,418,5
242,427,2
242,435,3
242,442,6
242,482,4
242,489,3
242,496,2
243,244,3
243,280,1
243,318,1
243,327,6
243,332,5
243,366,2
243,424,1
243,500,4
244,280,1
244,318,3
244,327,2
244,332,4
244,341,3
244,366,5
244,416,1
244,424,3
244,483,1
245,259,6
245,265,5
245,276,2
245,293,5
245,321,2
245,323,3
245,361,6
245,363,3
245,380,6
245,416,4
245,422,3
245,429,1
245,436,5
246,285,5
246,299,4
246,325,1
246,355,1
246,359,6
246,364,3
246,389,5
246,440,3
246,451,3
246,458,2
246,500,3
247,261,1
247,304,5
247,329,6
247,350,3
247,358,4
247,370,3
247,400,3
247,418,6
247,427,6
247,435,3
247,442,6
248,252,1
248,340,2
248,376,2
248,386,2
248,388,1
248,417,1
248,423,1
248,426,3
248,430,1
248,467,3
249,292,5
249,300,6
249,310,3
249,337,5
249,391,5
249,413,4
249,440,5
249,444,3
250,287,4
250,301,3
250,303,5
250,333,3
250,334,4
250,343,4
250,345,4
250,357,6
250,367,6
250,375,3
250,390,5
250,430,3
251,271,2
251,281,2
251,309,4
251,332,2
251,377,1
251,379,2
251,384,2
251,397,3
251,407,3
251,422,1
251,432,2
251,452,3
251,456,1
251,466,4
251,470,4
251,478,2
252,271,1
252,289,2
252,376,1
252,386,3
252,388,3
252,402,1
252,417,6
252,423,5
252,426,4
252,430,3
252,440,1
253,258,2
253,294,1
253,311,1
253,331,2
253,337,6
253,341,4
253,346,2
253,369,2
253,383,3
253,387,5
253,425,3
253,428,4
253,453,3
253,474,3
254,296,2
254,313,2
254,317,6
254,351,4
254,362,5
254,383,5
254,395,3
254,412,5
254,443,1
254,478,2
254,491,3
255,266,4
255,293,6
255,302,6
255,315,5
255,450,4
256,273,5
256,315,3
256,328,1
256,363,4
256,381,1
256,392,4
256,393,5
256,398,5
256,433,2
256,437,3
256,454,5
256,473,5
256,483,1
256,487,6
256,489,4
256,493,4
256,494,3
257,263,1
257,326,5
257,349,3
257,356,5
257,370,2
257,382,4
257,421,4
257,449,3
257,450,6
257,458,2
257,467,5
257,479,1
257,492,3
258,274,5
258,288,1
258,294,4
258,311,4
258,331,2
258,337,5
258,341,1
258,354,1
258,362,3
258,387,4
258,428,6
258,453,5
259,261,1
259,293,5
259,302,2
259,321,6
259,323,2
259,361,2
259,416,5
259,429,5
259,436,6
259,495,1
260,277,5
260,328,4
260,335,3
260,415,1
260,488,5
261,292,2
261,358,2
261,370,4
261,381,4
261,389,6
261,409,1
261,418,6
261,442,4
262,269,2
262,312,2
262,341,1
262,353,2
262,360,6
262,365,1
262,396,2
262,403,5
262,404,3
262,434,6
262,445,4
262,461,4
262,469,1
262,476,2
262,495,1
262,496,4
263,280,1
263,318,4
263,327,2
263,332,6
263,398,1
263,424,2
264,283,2
264,291,1
264,297,1
264,378,2
264,380,6
264,388,6
264,401,5
264,439,4
264,443,1
264,460,2
264,486,3
264,498,2
265,276,1
265,293,6
265,321,5
265,323,5
265,390,1
265,416,5
265,429,1
265,436,1
265,448,4
266,302,5
266,358,5
266,436,1
266,448,4
267,292,6
267,300,2
267,310,2
267,384,3
267,391,1
267,413,4
267,444,2
267,474,1
268,307,2
268,319,4
268,322,3
268,342,6
268,372,5
268,450,3
268,455,2
268,471,2
268,480,5
268,485,2
268,499,3
269,282,3
269,305,5
269,307,5
269,320,4
269,360,4
269,365,6
269,373,1
269,396,4
269,404,1
269,420,4
269,434,1
269,445,5
269,469,1
269,476,1
269,482,4
269,496,6
270,326,3
270,356,4
270,369,1
270,374,5
270,382,6
270,399,4
270,431,2
270,449,1
270,450,1
270,467,4
270,479,3
270,492,6
271,289,5
271,368,2
271,376,3
271,386,1
271,388,6
271,417,1
271,423,3
271,426,4
271,430,6
272,276,1
272,291,1
272,295,3
272,297,3
272,380,4
272,386,3
272,401,2
272,431,5
272,439,2
272,443,4
272,460,3
272,467,3
272,486,1
272,498,4
273,277,1
273,328,3
273,344,4
273,381,1
273,393,5
273,398,3
273,404,2
273,433,4
273,437,4
273,454,5
273,473,4
273,477,4
273,483,3
273,487,5
273,489,3
273,493,5
273,494,3
274,310,2
274,311,4
274,331,3
274,337,5
274,341,5
274,346,3
274,354,2
274,387,6
274,425,1
274,428,1
274,453,5
275,279,3
275,292,6
275,310,6
275,331,5
275,361,6
275,391,1
275,413,6
275,444,3
276,280,5
276,293,4
276,321,5
276,323,1
276,347,3
276,361,3
276,416,4
276,429,4
276,436,2
276,476,5
277,335,4
277,374,2
277,415,5
277,436,6
277,488,6
278,279,2
278,306,2
278,336,5
278,342,6
278,348,4
278,400,1
278,402,6
278,405,1
278,406,6
278,419,2
278,441,1
279,306,6
279,336,5
279,348,5
279,395,5
279,400,2
279,402,2
279,405,6
279,406,3
279,413,2
279,419,6
279,441,4
280,318,4
280,327,2
280,332,6
280,366,6
280,424,4
281,324,4
281,357,4
281,361,6
281,363,2
281,377,3
281,379,1
281,384,2
281,397,1
281,407,3
281,422,5
281,424,3
281,452,2
281,456,1
281,466,3
281,470,3
281,478,5
282,312,2
282,320,5
282,360,2
282,365,1
282,373,5
282,374,6
282,404,5
282,434,1
282,445,3
282,448,5
282,461,1
282,469,6
282,476,4
282,479,3
282,496,2
283,315,1
283,328,3
283,359,6
283,363,5
283,381,5
283,388,3
283,393,1
283,398,1
283,433,2
283,437,5
283,454,5
283,473,1
283,483,5
283,487,1
283,489,4
283,493,5
283,494,5
284,287,4
284,301,4
284,303,6
284,320,6
284,330,4
284,333,6
284,334,3
284,340,3
284,343,2
284,347,6
284,367,3
284,375,6
284,390,2
284,427,6
285,338,4
285,350,4
285,375,4
285,446,5
286,325,1
286,352,6
286,368,5
286,371,5
286,420,5
286,432,1
286,438,1
286,475,3
286,481,3
286,482,1
286,484,3
286,490,3
286,491,2
286,497,3
287,303,1
287,313,4
287,330,2
287,333,4
287,334,2
287,343,4
287,345,1
287,362,6
287,367,1
287,375,5
287,390,4
287,445,6
287,464,5
288,294,4
288,311,3
288,337,5
288,341,5
288,354,2
288,359,4
288,387,5
288,410,2
288,425,3
288,428,3
288,453,3
288,493,2
289,340,5
289,376,6
289,388,3
289,417,1
289,423,3
289,426,4
289,430,4
289,463,3
290,304,1
290,324,6
290,465,5
290,477,4
291,297,5
291,343,1
291,380,3
291,401,6
291,408,2
291,426,1
291,431,6
291,439,6
291,443,2
291,486,5
291,497,3
291,498,2
292,300,3
292,344,1
292,391,5
292,394,3
292,413,2
292,444,5
292,469,6
293,318,1
293,323,3
293,373,4
293,416,5
293,429,4
293,436,5
293,487,2
294,311,3
294,331,6
294,341,5
294,346,3
294,370,2
294,387,3
294,403,2
294,425,2
294,428,2
295,297,4
295,380,3
295,401,2
295,435,6
295,439,1
295,443,6
295,460,4
295,471,2
295,479,4
295,486,4
295,498,2
296,306,5
296,317,3
296,338,3
296,351,3
296,362,1
296,383,6
296,392,5
296,393,2
296,395,3
296,414,4
297,368,2
297,401,6
297,431,1
297,439,2
297,443,5
297,458,5
297,460,2
297,486,1
297,498,4
298,303,4
298,368,2
298,371,6
298,420,6
298,432,5
298,438,5
298,475,3
298,481,5
298,482,6
298,484,2
298,490,3
298,491,5
298,492,3
298,497,1
299,339,1
299,355,2
299,359,1
299,385,5
299,440,1
299,442,5
299,451,5
299,457,6
299,458,1
299,464,5
299,500,5
300,310,5
300,365,5
300,391,6
300,413,1
300,444,4
301,303,1
301,330,3
301,334,6
301,343,1
301,345,1
301,347,6
301,357,3
301,367,2
301,375,6
301,432,3
301,484,3
302,308,6
303,306,4
303,333,1
303,334,2
303,343,5
303,345,2
303,347,2
303,375,3
303,390,5
304,314,2
304,350,4
304,358,2
304,370,3
304,389,6
304,409,1
304,418,3
304,427,6
304,435,6
304,440,1
304,442,4
305,343,1
305,360,2
305,365,6
305,373,1
305,396,6
305,399,3
305,403,3
305,434,2
305,445,4
305,448,1
305,461,3
305,469,2
305,475,2
305,476,5
305,495,6
305,496,4
306,333,3
306,336,1
306,348,5
306,400,3
306,402,1
306,405,6
306,406,3
306,419,6
306,441,4
306,476,2
307,322,4
307,329,6
307,342,3
307,372,6
307,388,6
307,399,5
307,471,2
307,480,4
307,485,6
307,499,6
308,309,4
308,352,6
308,374,6
308,378,2
308,394,1
308,410,4
308,447,5
308,462,4
308,463,4
308,468,3
308,472,4
308,474,1
309,357,2
309,361,5
309,377,4
309,379,2
309,384,6
309,397,6
309,407,3
309,422,5
309,452,3
309,456,1
309,466,5
309,470,1
309,478,4
310,391,4
310,437,1
310,444,5
311,337,5
311,341,3
311,346,1
311,354,1
311,387,5
311,425,3
311,428,4
311,446,1
311,451,4
311,453,2
312,320,3
312,353,6
312,360,4
312,373,1
312,403,4
312,424,1
312,434,6
312,445,2
312,448,5
312,461,2
312,469,2
312,476,3
312,495,5
313,317,3
313,338,2
313,351,2
313,362,6
313,383,3
313,392,4
313,395,1
313,411,5
313,412,2
313,437,6
314,350,2
314,358,4
314,409,1
314,418,5
314,427,4
314,435,3
314,442,3
315,328,3
315,363,1
315,381,4
315,393,1
315,398,4
315,433,4
315,437,6
315,454,1
315,459,3
315,463,1
315,473,3
315,483,4
315,487,6
315,489,4
315,493,5
315,494,6
316,346,5
316,355,3
316,369,4
316,380,6
316,408,3
316,440,1
316,451,1
316,457,5
316,458,2
316,459,3
316,460,3
316,500,3
317,338,2
317,355,6
317,362,2
317,383,2
317,392,2
317,395,4
317,411,1
317,412,4
317,490,3
317,491,6
318,327,2
318,332,3
318,366,4
318,376,2
318,424,4
319,322,4
319,329,4
319,342,4
319,348,3
319,372,4
319,399,2
319,444,3
319,455,6
319,471,1
319,480,3
319,485,2
319,499,2
319,500,3
320,353,2
320,360,5
320,373,4
320,390,6
320,396,1
320,403,2
320,404,3
320,434,5
320,436,3
320,448,2
320,469,6
320,476,1
320,495,6
320,496,5
321,323,1
321,326,2
321,361,3
321,416,5
321,429,1
321,436,5
321,452,5
321,492,6
322,342,6
322,388,6
322,471,4
322,480,4
322,485,6
322,499,4
323,343,6
323,361,2
323,416,2
323,429,3
323,436,5
323,460,4
323,475,6
324,356,5
324,357,2
324,377,3
324,379,4
324,384,5
324,397,5
324,407,5
324,421,3
324,422,3
324,452,2
324,456,4
324,466,4
324,470,2
324,478,6
325,339,6
325,355,6
325,369,6
325,408,2
325,414,2
325,457,6
325,458,1
325,459,6
325,461,4
325,464,4
325,471,2
325,500,3
326,341,2
326,344,4
326,356,2
326,374,5
326,382,3
326,387,4
326,421,6
326,434,3
326,449,1
326,450,4
326,467,1
326,479,5
326,492,1
327,332,5
327,356,6
327,366,5
327,424,5
327,427,1
328,363,3
328,381,3
328,393,2
328,398,4
328,433,2
328,437,5
328,444,4
328,454,5
328,459,3
328,473,1
328,483,2
328,487,1
328,489,1
328,493,3
328,494,6
329,342,4
329,372,4
329,399,5
329,412,6
329,455,2
329,462,6
329,471,6
329,480,5
329,485,1
329,499,2
330,333,3
330,334,3
330,340,4
330,343,6
330,345,6
330,367,2
330,375,1
330,390,2
330,433,4
330,461,2
330,475,5
331,333,6
331,346,3
331,354,3
331,387,2
331,425,4
331,428,5
331,453,3
331,492,2
332,336,1
332,366,5
332,424,5
332,468,4
333,334,2
333,347,3
333,367,1
333,375,2
333,390,3
333,393,2
333,399,4
334,343,1
334,345,3
334,347,3
334,375,2
334,390,1
334,424,4
334,433,2
334,453,2
335,375,5
335,415,2
335,488,5
336,348,4
336,400,4
336,402,4
336,405,1
336,406,5
336,419,5
336,441,1
337,341,6
337,346,4
337,354,2
337,397,2
337,425,1
337,428,4
337,453,1
337,493,3
338,351,6
338,362,6
338,383,4
338,387,5
338,392,1
338,395,2
338,396,5
338,411,6
338,412,3
339,359,5
339,364,6
339,385,1
339,408,6
339,414,5
339,440,5
339,444,2
339,451,3
339,457,1
339,459,2
339,464,1
339,473,6
339,484,6
339,500,5
340,376,6
340,386,4
340,388,6
340,417,1
340,423,2
340,426,6
340,430,4
341,346,4
341,354,5
341,425,4
341,428,1
342,372,3
342,399,1
342,402,2
342,425,5
342,455,2
342,463,4
342,471,5
342,480,5
342,485,3
342,499,2
343,345,2
343,347,4
343,351,6
343,367,6
343,390,4
343,480,2
344,349,3
344,350,4
344,355,5
344,356,6
344,374,6
344,382,2
344,421,4
344,422,6
344,449,1
344,450,4
344,467,5
344,479,4
344,492,6
345,347,4
345,367,6
345,377,3
345,390,3
345,436,1
346,354,2
346,372,3
346,387,4
346,425,4
346,428,5
346,453,1
346,496,5
347,367,1
347,375,1
347,390,2
348,377,2
348,400,3
348,402,4
348,405,3
348,406,5
348,419,6
348,441,1
348,456,1
349,356,5
349,374,1
349,380,1
349,382,5
349,393,4
349,421,1
349,449,4
349,450,5
349,467,5
349,479,1
349,492,2
350,358,2
350,370,2
350,386,2
350,389,4
350,394,6
350,409,6
350,427,6
350,435,2
350,442,5
350,494,2
351,362,5
351,383,3
351,392,1
351,395,3
351,411,3
351,412,4
351,454,4
352,378,3
352,386,6
352,394,1
352,410,1
352,447,4
352,462,5
352,463,3
352,468,5
352,472,1
352,474,5
352,479,2
353,360,5
353,364,3
353,365,2
353,391,1
353,396,2
353,403,3
353,404,3
353,434,5
353,445,4
353,456,3
353,461,5
353,469,2
353,476,2
353,494,2
353,496,2
354,425,2
354,428,1
354,453,4
354,483,3
355,369,6
355,385,4
355,391,4
355,451,6
355,457,4
355,458,1
355,459,6
355,464,3
355,494,2
355,500,2
356,374,2
356,382,6
356,421,6
356,449,2
356,467,1
356,479,3
356,492,2
357,377,2
357,379,2
357,384,5
357,397,4
357,407,3
357,422,1
357,452,2
357,456,5
357,466,3
357,470,3
357,478,4
357,481,2
358,382,3
358,389,1
358,409,3
358,418,2
358,435,5
358,442,5
358,485,6
359,364,3
359,384,1
359,385,6
359,408,3
359,414,6
359,440,2
359,451,3
359,457,6
359,458,5
359,464,5
359,472,3
359,500,6
360,373,3
360,377,4
360,396,5
360,403,4
360,404,4
360,445,1
360,448,6
360,461,3
360,469,3
360,476,3
360,495,6
360,496,6
361,416,6
361,429,1
361,436,3
361,469,2
362,383,4
362,392,1
362,411,6
362,412,6
362,432,5
363,381,6
363,393,4
363,398,4
363,433,4
363,437,6
363,439,2
363,454,1
363,459,4
363,473,1
363,483,3
363,487,5
363,489,3
363,493,3
363,494,5
364,385,2
364,408,2
364,414,1
364,432,1
364,451,1
364,455,3
364,458,5
364,459,6
364,464,1
364,500,4
365,373,1
365,396,3
365,403,2
365,404,1
365,434,4
365,443,2
365,445,1
365,448,6
365,461,6
365,469,4
365,476,3
365,495,1
365,496,4
366,424,1
366,452,1
366,455,6
367,375,1
367,390,5
367,419,6
367,421,1
367,424,1
367,441,1
368,371,4
368,432,4
368,438,5
368,475,5
368,481,6
368,482,3
368,484,1
368,485,3
368,490,1
368,491,5
368,497,5
369,385,4
369,392,4
369,408,1
369,414,4
369,440,4
369,451,5
369,458,4
369,459,5
369,464,3
369,500,1
370,389,2
370,409,6
370,418,5
370,427,4
370,435,6
370,442,2
371,403,6
371,420,4
371,432,2
371,438,3
371,454,4
371,475,3
371,481,1
371,482,2
371,484,4
371,491,5
371,497,3
371,498,2
372,406,5
372,455,4
372,471,6
372,480,3
372,485,3
372,499,5
373,396,4
373,403,4
373,434,5
373,445,3
373,448,4
373,469,2
373,476,6
373,495,4
373,496,2
374,382,4
374,421,5
374,449,1
374,450,4
374,467,6
374,469,1
374,479,1
374,492,1
375,390,2
375,437,5
375,483,4
376,386,4
376,417,4
376,423,4
376,426,2
376,430,6
377,379,4
377,384,1
377,397,6
377,401,6
377,407,4
377,422,1
377,452,5
377,456,6
377,466,2
377,470,4
377,478,5
378,381,4
378,382,4
378,394,1
378,410,2
378,447,2
378,462,5
378,463,4
378,468,5
378,472,2
378,474,6
379,380,1
379,384,5
379,397,1
379,407,2
379,413,3
379,422,3
379,450,4
379,452,3
379,456,4
379,466,3
379,470,6
379,478,2
380,401,2
380,431,2
380,439,3
380,460,3
380,486,3
380,498,3
381,385,6
381,393,6
381,398,2
381,433,1
381,437,6
381,454,3
381,473,6
381,483,6
381,487,3
381,489,3
381,493,3
381,494,2
382,398,5
382,421,3
382,450,2
382,467,5
382,479,6
382,492,4
383,392,6
383,398,2
383,411,6
383,412,1
383,474,2
384,397,2
384,407,6
384,414,4
384,422,2
384,452,4
384,456,4
384,466,2
384,470,6
384,478,1
385,414,6
385,440,3
385,451,6
385,457,6
385,458,5
385,459,2
385,464,1
385,500,6
386,388,1
386,417,2
386,423,6
386,426,5
386,430,6
387,388,6
387,425,4
387,428,4
387,453,5
388,417,5
388,423,5
388,426,6
388,430,4
389,409,3
389,413,2
389,418,6
389,427,2
389,442,2
389,460,1
390,394,3
390,466,3
391,413,6
391,443,5
391,444,3
392,395,4
392,399,6
392,411,6
392,412,2
392,416,1
393,397,5
393,433,6
393,437,6
393,454,3
393,472,2
393,473,5
393,483,2
393,487,3
393,489,6
393,493,6
393,494,4
394,410,3
394,414,5
394,447,4
394,462,6
394,463,2
394,468,3
394,472,2
394,474,2
395,411,1
395,412,1
395,425,4
396,403,6
396,404,2
396,434,5
396,461,1
396,476,1
396,488,6
396,495,3
396,496,4
397,407,4
397,422,2
397,436,2
397,451,6
397,452,1
397,456,6
397,466,6
397,470,3
397,478,2
398,433,6
398,437,1
398,454,3
398,461,1
398,473,2
398,483,1
398,487,2
398,489,1
398,493,2
398,494,3
399,447,1
399,455,1
399,480,3
399,485,6
399,499,4
400,402,4
400,405,4
400,406,4
400,412,3
400,419,3
400,441,3
400,451,1
401,406,5
401,431,4
401,439,5
401,443,1
401,460,5
401,486,3
401,489,1
401,498,1
402,405,5
402,406,3
402,419,5
402,441,5
403,404,1
403,415,1
403,445,6
403,448,2
403,461,2
403,487,6
403,495,3
403,496,5
404,420,5
404,448,3
404,461,5
404,469,3
404,476,3
404,495,2
404,496,6
405,406,5
405,411,6
405,419,5
405,433,3
405,441,2
405,480,4
406,419,1
406,441,4
407,422,2
407,432,4
407,452,5
407,456,5
407,466,6
407,470,3
407,478,3
407,481,2
407,499,3
408,414,3
408,421,3
408,440,4
408,443,3
408,451,6
408,457,1
408,459,4
408,464,5
408,500,3
409,418,5
409,427,5
409,435,6
409,442,2
409,484,2
410,447,6
410,462,2
410,463,3
410,468,6
410,472,5
410,474,3
410,499,1
411,416,1
411,452,3
411,500,3
412,417,3
412,491,6
413,444,6
414,451,6
414,457,4
414,458,2
414,459,2
414,464,2
414,472,3
415,488,6
416,429,6
416,436,1
417,419,4
417,420,2
417,423,4
417,426,4
417,430,3
418,435,6
418,437,3
418,439,4
418,442,5
419,441,2
419,495,2
420,432,1
420,438,4
420,475,3
420,481,4
420,482,3
420,484,5
420,490,5
420,491,2
420,497,6
421,449,5
421,450,4
421,467,6
421,479,3
421,492,1
421,495,5
422,452,2
422,456,1
422,466,5
422,470,2
422,478,3
423,426,4
423,430,3
423,443,1
424,477,2
425,449,5
425,453,5
426,430,4
426,482,2
427,430,2
427,435,5
427,442,2
427,470,4
427,473,2
428,435,3
428,438,5
428,439,2
429,436,2
429,469,5
430,489,2
431,432,2
431,433,3
431,439,1
431,441,1
431,443,3
431,460,6
431,486,1
431,498,2
432,438,3
432,475,2
432,481,3
432,482,3
432,484,2
432,490,3
432,491,5
432,497,6
433,437,4
433,454,5
433,466,4
433,473,6
433,483,1
433,487,3
433,489,4
433,493,4
433,494,4
434,441,6
434,445,2
434,454,6
434,461,2
434,469,5
434,476,3
434,495,6
435,442,3
435,468,1
437,454,5
437,473,4
437,483,5
437,487,1
437,489,4
437,493,6
437,494,1
438,439,6
438,475,1
438,481,3
438,482,4
438,484,1
438,490,5
438,491,5
438,497,4
439,443,2
439,460,3
439,486,1
439,498,3
440,451,3
440,457,4
440,458,3
440,459,1
440,464,1
440,475,2
440,500,4
441,458,2
442,457,1
442,463,2
442,477,1
443,460,2
443,486,3
443,498,5
445,448,2
445,461,4
445,466,6
445,469,2
445,476,2
445,478,5
445,495,6
445,496,3
446,468,6
446,473,5
447,450,2
447,462,3
447,463,4
447,468,1
447,472,5
447,474,2
448,461,1
448,469,1
448,476,3
448,495,5
448,496,5
449,450,5
449,467,3
449,479,4
449,483,6
449,492,5
450,467,1
450,479,5
450,492,3
451,458,6
451,459,1
451,464,1
451,466,6
451,475,1
451,490,1
452,456,3
452,466,4
452,470,6
452,478,4
452,500,1
453,499,4
454,473,1
454,483,3
454,486,5
454,487,1
454,489,6
454,493,4
454,494,6
455,470,5
455,471,1
455,485,1
455,499,6
456,466,3
456,467,4
456,470,3
456,478,4
457,459,6
457,464,2
457,491,1
457,500,1
458,459,2
458,464,6
458,500,3
459,464,2
459,500,5
460,486,3
460,498,6
461,469,5
461,476,6
461,495,6
461,496,1
462,463,5
462,468,1
462,472,2
462,474,4
463,468,4
463,472,1
463,474,6
465,477,3
466,470,1
466,472,1
466,478,6
467,479,5
467,492,3
468,472,2
468,474,4
468,495,3
469,474,6
469,476,4
469,495,1
469,496,4
470,478,1
471,478,2
471,480,1
471,485,6
471,499,4
472,474,1
473,474,1
473,483,5
473,487,3
473,489,6
473,493,6
473,494,1
475,481,6
475,482,3
475,484,4
475,490,3
475,491,6
475,495,2
475,497,3
476,491,6
476,495,1
476,496,1
479,487,2
479,492,3
480,485,6
480,499,2
481,484,6
481,490,6
481,491,4
481,497,5
482,484,6
482,490,5
482,491,6
482,497,3
483,487,6
483,489,5
483,493,2
483,494,4
483,499,2
484,490,2
484,491,1
484,497,4
485,499,6
486,498,1
487,489,3
487,490,6
487,493,4
487,494,4
489,493,6
489,494,5
490,491,3
490,494,4
490,497,1
491,497,1
492,494,2
493,494,4
494,498,1
495,496,6